2.972094 7.3648872
4.0804683 7.5485103
7.265396826.0515318
6.238305425.6143941
4.1310263 6.1158525
4.3938589 6.7388688
4.9080829 7.1347586
3.3917216 6.4591289
4.938845525.1174543
5.454332524.8405647
4.9266043 25.413752
4.1526283 7.6184924
3.2370523 7.613226
3.7814438 6.9786834
4.3115798 7.0515608
4.1621829 7.2245523
6.318627324.7637333
6.0562123 25.721616
4.2898381 7.3768999
3.7273755 7.0158418
3.1640316 7.3586673
6.319486725.8709081
6.464712625.0793834
2.8349197 6.9445109
7.282085425.3371083
2.9556866 6.4903649
3.6797118 7.4002305
6.032542925.3904277
 2.085229 7.2719291
5.563393125.4846447
6.7381187 24.711327
5.390578425.6311851
3.6684199 7.0381006
 3.425732 6.4628722
5.416796924.5821393
3.1351307 6.6341457
4.2232298 6.2962356
3.7074209 6.8509465
6.574424525.6691612
 5.66098525.3078785
5.361398225.2930366
 3.699182 7.1714301
 6.59651424.8297986
6.6238774 25.94513
5.982149625.4301815
4.595493226.4504269
6.051454225.9247658
 3.073187 7.5119594
5.4991676 7.0966598
5.794529425.0836292
3.7115199 7.1060037
6.483682526.3294936
5.554882226.1007053
2.8932974 7.1172732
3.1104607 7.6918426
7.162506325.4281427
4.0037683 6.8603256
 3.614182 6.494918
3.6540356 7.3006579
6.3391264 25.59913
3.8255239 7.3158182
3.4845292 7.4624894
5.732635625.9249561
2.7335684 7.192726
3.3218258 6.8405147
5.204331825.2264574
3.8230748 7.3916508
3.8185556 6.0676871
6.238728825.5145402
3.1743709 6.8090495
4.1734285 6.9081737
3.8471499 7.2134908
5.372510925.1130462
3.7495171 7.8012078
4.2242881 6.7094502
5.241423124.5344454
4.869043325.7202179
5.999575525.1395532
4.2317321 7.8012209
5.220316625.1001352
4.5822344 6.6507083
4.7016311 6.9738908
7.737941825.4753543
6.895496524.9692452
5.937000224.4272515
5.0905778 7.2780348
4.5863956 6.8121088
5.905869225.3650311
5.539032225.6055394
6.439731125.5773365
7.276293925.2014235
4.1895169 6.9409078
6.327510826.2042874
4.1424807 7.2046149
6.9876036 25.383383
5.533677425.2967421
5.822000825.7188103
3.8328816 6.2673578
4.9924272 7.9135778
3.8589027 7.1218786
4.0572696 7.348133
3.7954936 6.7668859
3.2346308 6.7993087
4.3720176 7.5393015
3.3399979 7.2390992
3.1899603 6.6373597
2.4900924 6.7988493
4.768115925.3836861
4.5150892 7.1505533
3.9855151 6.4308636
6.269753925.6170855
4.2235847 6.390787
4.0056893 7.0773811
3.9514315 6.7179218
5.247469926.2634137
4.5696021 7.0854718
3.3616214 7.0582997
7.413414526.0880836
6.153048825.0559437
3.6554594 7.2775543
4.1220396 7.6815412
2.6353827 7.1282684
5.282727125.0775596
6.832262725.4093225
5.525418425.4107887
 3.491501 7.1544108
2.6891448 6.3144886
 6.07111525.4719327
 5.41409326.1933757
4.6050065 6.8745214
4.2473885 7.3052962
6.328776325.8889297
 5.03156225.7133178
5.960309426.4333523
   3.32251 7.3094354
6.337969325.7731026
5.653618926.1019684
5.5238237 26.262211
3.6654007     7.14451
5.0617407 25.637857
5.888220325.0116372
6.203903925.0422023
6.1643794 25.656935
3.8687738 6.6914402
3.9839034 7.3782855
3.5540491 7.2592649
5.917097325.6141333
2.8210853 7.1591637
4.3909481 6.5958748
 3.795173 6.8803865
3.3482494 6.8347591
6.223013125.8483367
4.992190124.8459584
2.9234122 7.3714998
5.562651925.3973664
3.6810724 7.0620916
3.2480096 7.0051827
5.049906725.7004213
 4.128865 7.6337521
3.1048651 6.9832072
4.8061352 7.025189
4.0498667 7.5648285
5.851973825.4765733
6.068978424.9584057
6.053759424.9673055
6.797799424.7993277
5.164527425.0113338
 5.87546925.7900392
3.5253996 6.8948012
3.1800775 6.9030309
6.0894263 25.025911
5.869488425.6323508
3.8890377 6.8986772
 2.799855 7.3581611
6.036764325.7119667
3.7744104 6.3065977
 4.134751 6.9211555
5.720951726.4411247
5.954378725.3528501
4.0459046 7.3560207
4.1731926 7.5393793
 5.27895126.2057959
3.6653519 6.6549193
6.181717325.5165014
4.1417134 7.4550843
5.167445925.7052606
6.839379124.6813646
5.355275625.5913891
5.805185624.7830052
5.898667825.8154418
4.3708858 7.3318057
5.064969625.5844613
6.714373426.1347106
3.3205091 6.9500459
3.8628319 6.8786972
4.4036195 6.9149066
 4.129516 7.8478577
2.7109706 6.8495671
5.480218525.3209515
5.0752192 8.0137021
5.727640625.5442666
5.4272882 6.790578
4.993736925.0259305
6.064833325.0006247
6.994268225.1257424
2.5384573 7.4947124
4.7806033 7.9242227
5.348312925.1548152
