5.657248845453242 6.805985630754257
5.283296483913072 9.511003559118741
16.117540359465746 4.903025806846569
4.184024698780631 7.620912468920622
4.581816634737237 7.158407384459433
6.203056150622307 8.252661295036063
15.394636175513561 6.439069068372362
16.346008928184848 5.850760754006394
14.186161496305868 4.047663818745547
5.1528798831522185 7.681809067039883
15.198761499990919 3.3704336423928725
6.2836201050895415 6.933290823032329
14.991772007637291 3.6855941571439264
5.336604482912569 9.228560419492274
15.234799769422871 4.881841312042929
13.798591461282927 3.270901903035017
4.974529235106186 6.531655574783189
16.571077594505905 5.492013556018719
4.76843434693978 8.510926286064848
13.415182794377357 3.606424733677133
14.603201018842995 5.700147641985042
5.131899862170968 9.752868384500955
4.124794313021304 6.361106222546702
15.39782470242848 5.178370832728978
5.485731022050876 8.592131645164258
5.874700537645569 7.738658990281301
15.200601451039464 6.414479421913754
4.597413885006471 9.466073650127742
15.178407518494895 3.193485439052454
14.620879568849029 5.989955698051168
6.50470028029347 8.191939491762483
5.5720233718615075 7.118970912917458
4.069868839301512 8.280850634787198
16.571918625446862 6.323774267066312
5.053777012657771 7.448893496778509
3.3997725061915203 9.939213766505768
3.451190086391029 8.743277301021811
14.238016617427185 6.728747043273438
3.4523468243514555 9.770355586048066
14.419281183288359 6.45474546597087
14.967309373333348 4.186255043914523
4.179360693344815 7.692590074022215
3.789775799307145 7.245222824266218
3.3071115704282823 9.646416733636823
5.972916944117251 8.10821591950513
14.327048622272795 6.044365423483262
4.6774507127142 6.510856031610192
15.756009469656707 4.881560259037247
5.297498568317584 7.028304497504934
13.787250717018713 3.623736003911181
15.042642485976717 3.5179189714973518
4.995064985144932 7.624136245159059
4.917177078084189 8.652760359363766
14.057513067776481 4.380941851214089
6.7941334460894725 6.920748137279848
4.37667886873331 9.708619033565487
4.863243729041743 8.506469841981133
14.962357653890411 5.348321069717557
5.819744608260218 7.748661822191582
4.72724008726436 8.20742567792721
15.764366924059088 4.4451258628278785
13.606690602603571 3.6794511552655926
16.111017060279316 4.987838211460347
14.586445004368485 6.336105390221531
4.078302206662176 6.606353518842534
4.349657528667824 6.616187143020158
15.011892070705423 4.186470898343939
14.808851706734364 4.052569410375099
4.853723810153427 7.09337781512083
3.610659782484274 8.29944680615301
6.895776799192883 7.4362623277750615
5.68483220864582 9.304050035702984
2.9270121537000815 9.447367405026078
6.022979025176954 7.640419798739629
4.416674640001456 8.205733697735447
5.076519455199589 6.979191420029057
13.30899096392822 3.5209962504287198
5.40199870743 7.914386494986583
5.265166412805065 7.394652828838789
5.542169779103009 8.987601387562338
15.392759810303904 6.260775431633611
15.361524736882986 5.074446218004263
15.87183685492541 5.23032540895868
15.994837660279082 5.9632230331236205
13.263603737384585 5.272770380537972
5.666550768115259 8.583835715048677
6.450019406732918 7.177645098773484
13.727032526693955 3.847738239261148
15.195449096819434 3.9030875916380285
4.858649400664874 7.217840696194025
4.934148515216902 9.520320556995772
15.563984094304221 4.325514599102054
3.9781963141363317 9.625748751384256
5.1727454659998635 9.81574107860022
14.04163094086183 6.286170361871477
3.0170413401484977 9.44430420606968
15.23963755285758 3.289707254807918
3.1093604112018767 9.65500788633852
5.582617334071615 9.096180666165818
4.4090212250187655 8.72969211453616
14.119474896079401 6.495623789376022
5.615067274133643 8.439917539042737
14.302141826538762 4.840941370645144
5.326429802498779 6.795446471309389
6.572586258577055 7.627997325014611
14.036490297935522 5.626043304052278
3.9257112544423416 7.129718701025169
15.45058899477626 6.167150483744891
14.186425749288329 5.475349150649269
12.882943958588985 3.8162532965463942
13.88295090324607 4.411714887205097
15.634166907104037 5.9354270043888375
15.153218290236362 4.4147857143904226
14.670144555901361 2.929460665832175
14.878283903877064 3.145139841978675
5.4082831790483645 9.322885482703494
16.351266132920244 6.468618017294663
4.2868771322693195 6.700516713424383
4.91428482051597 6.707821652257536
14.46410589993842 5.036192381926743
15.148360109874778 5.203381244234834
14.074105937752504 3.2024032967582947
5.242757868537415 8.852422923999125
5.484601295516133 9.15975509078049
14.378621027480339 6.515129918474521
13.99008377121302 4.865302709139753
4.614610236485918 6.924771904292006
5.490730180967747 8.161098614738306
13.715109741615397 5.63033852873806
13.325838816830299 4.5672543363806195
13.756099458057436 5.461616450063104
14.534268875400706 3.289826195584151
5.628249843080001 7.1346535622202785
4.335204596760468 8.223573864288477
5.757731079193707 8.365361526853022
15.287432997214125 5.880325996060952
3.816324340343092 9.576173447462292
5.973101825191243 7.40607090791449
15.445474955187441 3.025660758054792
16.247838761674153 5.363832686553387
14.407197267759116 5.273276577351553
14.706388030817083 3.4006967692015326
15.287707067614376 5.113491138526709
5.82570805706818 9.251898862432553
4.395777069495324 8.78765258514745
4.34794215962937 7.728298526930108
4.931792991271541 6.782051779382916
4.480877350386661 8.583277823998554
2.8611175776251914 9.256969203594068
15.541699251820411 3.9863612220237563
5.688619585363322 8.149813327932398
16.136341110053237 5.148767902827984
13.355457080959383 4.4311043706865565
15.109608029969475 4.954061556440072
3.7486796854058775 9.765803257366
14.689288817992272 3.2825700774178
5.197097364615152 7.598451957121219
16.048688663095522 4.093310861127241
15.981019729682686 5.719845908090918
15.090488423562228 5.169285434832633
4.531950435620141 9.3808789881456
13.750381626591412 5.236025094068587
5.851454388134327 9.550353509474395
4.228023869273872 9.039572090264656
14.856270660631617 6.1213661722592905
5.7149267914437445 8.60512089406652
14.966155202889839 5.810744444932434
4.085788644120389 8.160217965540895
14.677430394760936 3.430487408273057
13.077863454229977 3.6552621625643296
5.209159519454058 5.9749396895480835
5.507633288663244 6.775754199979204
13.70669926658024 3.6385113104838567
15.80388948881333 5.561169747760874
15.440802480520771 6.361059501634709
4.1268287853928305 7.795958501826114
16.100429019072564 6.756074370998349
13.238845374769364 3.5039321270308452
5.304508699599321 8.275020146250833
14.009352764710817 5.926287762332489
15.709671917637728 4.702948280444576
6.502709962656166 7.890570603482395
13.509590255053718 4.335610269866767
5.1445091687360796 7.637121267194001
15.8511659917919 4.896345473723875
5.020805756842701 9.405274153499791
3.9840998479825833 8.222711626335181
6.071980966409177 6.416838957677035
15.448911878907632 6.55023393358777
5.091669094962074 8.7406535055804
14.494394099580541 5.301540042404278
15.44358167763903 4.916787935072095
14.921157466475247 3.4311386525806613
4.098740940455049 7.9228698881143025
4.798083663990841 7.815906398901829
6.002979248244547 7.9179565377987675
4.055770157439733 6.406122819552566
4.74773990008905 9.383487086593913
13.787832831290764 4.917983925927757
3.6722870414410416 8.942855433214493
13.633994961997214 5.815537752784555
13.912918387761922 3.9035134837513086
16.317748827166213 5.345553808623535
4.087737369708996 8.713725948474684
13.758357656565117 4.973977415811355
14.553878483798712 6.24380489231194
5.5277697145590174 9.308180588795857
13.642436698920557 4.317165291090587
4.583062656074322 10.125064260627681
5.342288921841733 6.823678007347217
3.4879947504846696 8.61630980607122
13.669549661690507 4.315235587667283
14.365066174473192 3.66017698791612
4.0587317664594025 8.860894024893732
16.247251740938964 6.21230585571435
15.519625183678231 7.106240575690344
13.062931900081333 3.9059095780418454
15.853199876729718 6.710705562707761
6.15141748556166 8.042212117545088
4.10563393789293 6.527830219566491
4.426017618110159 8.28340352197297
5.071912290661808 8.179135222942325
5.702780170452826 7.400269876546465
15.128977011997641 6.366315894502292
3.6008455523973586 7.581747898783899
4.5464657597829685 9.956559032831414
15.285773163782013 6.382875132605029
14.742571672703328 5.031647878686964
3.2676843521389087 8.468878061199637
5.340362518953004 9.102536116573074
14.782978799103322 5.800422348985787
5.229096205094526 9.367544495389225
14.404000385925805 3.936824930161836
4.505765411452687 8.332913260015518
15.04822597789621 5.937657866829588
4.71158142126751 7.95123288988218
3.812749493400572 9.119832052412859
15.198527279219327 5.950028840270575
15.40839086313931 5.632523093858189
5.599370916936565 8.337617979433055
4.405232303145898 9.193714603358778
13.333500108564172 5.400858246958017
3.548327061009548 9.215677906065352
4.292989228675368 8.567609848482249
14.726347387192815 5.904598843402783
4.345446176524303 8.935649376586712
3.7497637735385605 6.9393416251356275
4.11628925580843 6.72016058393417
15.425381845383779 6.916489734545287
4.2491638548567305 7.833818287203319
15.382914820228304 3.9737424393361036
15.478886355216154 6.2700017821220095
15.044687742473162 3.7295013346921317
4.054415117437792 8.926116453903402
4.669770214856413 8.762343535652999
15.411353651532256 4.743692352680219
4.315321601173393 8.516240206234704
5.128675108173436 10.265067464209322
13.83881909183302 4.002686500551139
4.004637600511906 9.559706317049585
4.502964751619238 9.354761874454653
6.5426976017647736 8.303168694065747
5.011662232300033 7.764648634810551
4.25247823199372 9.54991110601601
14.484582747432214 4.178566872274374
14.345892454068904 5.66069713927606
16.193150403343562 5.373537499693245
5.8890975107990835 7.097098299235646
5.6141355869586835 9.230997288085213
14.042613906215804 5.3290256108065694
3.963560067798503 6.294651606052557
4.65880741546634 6.059251047410403
5.344354665002709 9.440007718566575
15.667207025942195 6.0442489479707335
15.577799534139988 3.1562667641545445
3.7339035886352763 8.864926933967451
6.210760326372233 9.472655431123203
5.7260794927683705 9.123166674520684
13.886622687992023 3.9552951855046983
5.085682280650269 9.918340814608396
14.758109571140219 7.126923087642265
5.5302036162038455 7.800676655915169
5.472345589487765 8.945953100039095
3.5346380090111014 8.371797804512758
4.402690739411279 9.124763870954435
14.568379074896615 5.828885307946294
6.001785728018467 8.009640022928528
13.868979976178553 3.67094036892796
14.127131061371802 3.0382138533513565
4.224453056241609 8.734049973877639
15.88517022140522 6.60004798110166
5.3143977187034475 9.613152284253715
5.830017918636475 8.515494650889968
3.877279699836643 8.996246495444653
15.833196237941607 4.002825136975316
15.778453715898578 4.576440597839488
15.210577502819724 5.856140234734099
15.808451009519915 5.971604297837111
15.044459112766704 5.423451198612778
4.47409394067394 7.913352611832179
6.996971228547847 6.533293333199497
3.395599662447537 8.793129084688859
5.383042967298632 7.005833968731729
6.438917457111265 7.3539809062590855
4.710612327872875 6.917057128376861
3.9597401783400143 7.998692031108659
14.40216679971789 6.366585768551197
4.94489441448264 9.587741510004108
3.6411019163355327 9.972829714166878
4.289509089945584 7.1552881225668035
13.648195948756763 5.308167375874121
13.955237190509608 4.824513014322755
13.24073812411133 4.188280044867652
13.542533531872422 5.042485795326684
3.7144527006580494 7.450840116845311
6.270854561868406 7.371164428791031
14.095220615916187 6.1011088774510664
4.0470420132538605 7.72086713039101
6.138795433475643 7.153972513575848
4.170820775715861 8.681826221233399
14.768465643217613 4.369432303859854
5.043856868154214 7.218729226326322
4.9005167011687405 6.888998593844519
15.524339619384303 5.606528083410543
3.5433667256201016 7.4612245651566615
6.0892546299891395 8.183809931425209
13.487884933896332 3.3830037294112048
15.153890006965684 2.7577860652208868
16.496389599446708 5.32264863774329
14.564067687244462 5.224438666936271
15.532290730059687 4.972397004013475
7.049779653289987 6.678159571416984
16.1124385065888 5.635395554569596
15.361284168093015 3.9993986145755374
6.1341124464115255 9.607298080389036
3.456848824647392 8.619582801284785
3.6010722374693813 9.150779598921341
4.374813032609363 9.233120974697691
5.5197269464183245 9.469614677464884
5.654715318079186 9.844616466029489
13.769145310346802 6.136995473627928
15.353176045215344 4.240946719389837
13.97405365894016 6.633357684354733
4.507438529523306 6.743611048384945
14.519417228686148 4.728852409608579
14.753663433184586 4.86811398979441
5.776797496857732 8.378853696109024
15.330911854020218 3.827212073111499
13.982455681634757 4.6748616905688465
15.489739910097118 4.879035139365904
3.581861300215103 8.490769744117841
4.744241179044611 5.986162671764937
13.609276639855779 4.3561914079419815
14.112627567763631 5.668723005800181
5.251772746952856 7.277666767678034
16.214888976403742 4.623334094803897
12.833751356637107 3.5458747847054557
5.4150591879343475 9.421738016402372
13.806966561147721 4.6045164558960225
4.558671313993116 6.520196660153042
4.847360478477052 8.315488912541726
4.592704369457078 7.915335541124735
13.814277227897351 4.32516484781226
5.296911043287535 9.365982439696474
5.373899604425273 6.421170867161275
5.045940754688173 9.158469175151916
15.556941055079346 6.323770249774723
13.609247544661551 5.426718288091971
15.527352694576843 3.0636920015133633
16.347277671219956 6.333941782856073
13.795670498704913 4.5600226653582725
4.913647758853453 9.433905448172435
14.770382828648755 3.363609394238993
5.043292767715093 9.082910869791244
14.267572937333952 4.567092986051506
15.48787149600553 5.354522251978778
5.630049366014074 8.977830636264946
16.55436212850546 6.203207260618751
4.385794254381376 9.45890811845513
14.30781790988668 5.917194115113577
