21.934498314094455 15.248838610832834
4.394727298622085 21.17074518011196
10.362652548192012 9.865306783045254
15.85330232180452 25.72667817500611
9.727191120816492 11.020659686107635
12.166134611826473 34.630703988670035
5.007811330540361 19.209746893037405
10.159848411730053 11.292216554840252
4.989041885912233 18.502126479429375
15.015395764499054 25.748979430499666
9.575815643294094 8.3455146196518
6.360764162836089 20.493790263426487
5.501474426983667 19.72549798562345
6.488305170814035 21.57085392929881
1.6797717864869735 12.281598556308513
12.047133694954889 34.82643231469637
8.661366221718119 10.155425803835417
21.70867371191256 14.654463576370171
4.561671351223772 18.046176177959616
21.946125432270154 15.046333933328505
15.63066936660501 24.48490270673682
4.341252780299148 18.174488241944744
11.796955785452525 34.69615044887445
11.221762889371298 9.117984207273656
4.720717971193552 21.85643028898977
3.663631420844309 21.586308753021417
15.252590718081308 24.828025664604596
6.4143548730152755 19.681754889296393
2.3538534442674677 12.216121382090837
19.730997473184583 31.649110425248953
16.726743059759237 26.194915445317772
16.175481650677522 24.943876281031212
12.353034263091295 35.36321214099315
11.05512542492199 8.366624137369321
16.360487655059888 24.393539174134304
22.04355758963517 14.688630185432123
5.549955357298552 19.844042258644198
16.441281719042074 25.37820857823447
9.294640975146654 8.596718915051731
6.3008619387271 21.204499545851913
5.657098997243951 20.34191623480176
1.7875940109819186 12.368178700324052
21.9098368662198 14.892808959758707
9.316875683517265 10.392877501585687
5.96998629549523 19.80975476438339
9.362842883338974 12.13048408716889
3.682415080737714 20.923309342088878
21.658439668103785 14.873466958888713
12.05584237094397 35.032825066511094
19.643666870508437 32.264988675577605
11.820915259299117 34.98797687728793
9.815387167989327 8.865403976577714
5.058598118522591 20.27491577125459
21.923034940035283 15.174505505802223
12.347594008009972 34.98341824379877
12.01841657279476 35.168098954789336
3.800951718456224 20.055706701493218
2.069479015191576 11.887476089191258
5.911228411438946 21.90870834430462
4.095928196514594 20.461283143564614
5.24761209262802 19.86604650934458
19.663592128880556 32.130099755559186
11.846859362504624 35.33552901520887
8.048849579282237 10.595263835420525
19.743094889262483 32.3304007558457
5.701513522795248 21.745373763955993
14.674633407434001 24.103222797533178
4.9224216312243705 21.403491270062176
9.812611769905478 9.716141957098248
5.430118619209226 21.95274641696634
15.738003548365842 26.422572498840267
9.599754765420686 7.930452254803604
2.3731493772116345 12.018292100409333
12.300777950770572 34.919844666287055
2.208593239316039 12.135962267625281
4.451301494312806 19.69726207212815
21.63667409437327 15.250828546734562
16.67634727015811 24.01588082901649
11.761596840261092 35.189242433095124
12.313725635095158 35.19558639771129
21.689330839158195 14.684876911572031
10.99186520072742 9.322949689718296
5.946276475568853 18.384672510188548
9.443580945166604 10.886265521887129
5.3032952107620055 18.199324379232895
2.2189713319902644 12.005844181670732
5.477673573513451 19.264971886080996
4.445165997113137 19.148242610741423
22.14461330444815 14.785124960370148
15.55899720548006 24.205003258306977
19.928719775945815 32.00994537479306
16.6185869678255 25.927497111056866
1.6597977933273649 12.099473796575904
21.90196875177003 15.341529383993048
5.758796607046563 21.110239451215712
14.831702474158115 23.758085124608698
15.75254953624812 23.17086777968222
9.807560654941316 7.959064390367209
19.901933025738078 31.957393859773457
22.06637866261694 15.172215354423503
16.08739835547616 26.136612172591338
2.2564066554681412 12.366613041630982
4.485488587762862 21.265052680143373
1.9059077483346514 11.964770800911493
5.37461305177902 18.88085660852578
16.244860354869427 23.506698448541382
11.364225908010583 9.441895354580355
12.181401756924163 35.266253157197454
6.486934892074521 20.362576042445163
12.114409405824441 35.19449240515064
20.014362322987196 31.835876715800982
12.105420607151531 35.334883074046886
12.084723325517743 34.97842015254007
11.740035217920315 35.11619852625299
2.1105366618888683 11.732244275358054
4.698454073351607 19.99489029353353
10.417495618878867 9.711875229260244
19.90370981419663 32.18796060958761
11.625190891610062 34.91151653691378
9.195381122774986 11.57971235289141
5.913242902123006 18.339638828783947
9.27136318098688 9.555899783847043
4.032322776473066 20.885286064532632
9.49159336263256 11.54706044996133
21.813716245326912 15.344730313390535
15.96836791758699 26.257053501442346
20.376936752432517 31.974779489480387
22.102906981007234 14.972843327605236
2.02046992143259 11.854398737806955
10.708544255400174 10.472786088851686
22.186330837141817 15.252957563751623
22.13400603078607 15.132548735028179
6.3728142844373465 21.57772207948776
21.91987666584982 14.820988519547843
14.075529121506227 24.153018131525332
21.788377814877897 15.087481195576173
17.2191982787516 26.93638668863048
22.139182280771664 14.998227111799643
1.7578682242415522 11.728871132659942
12.137024380833694 35.16485765429729
20.308451691718485 31.63444295253234
19.656331066027334 32.118355839343835
19.98378548353559 31.932204291705528
12.249243294666105 34.826060868718464
16.392734133022806 23.721606089697712
12.05964049249144 34.79293285122711
5.222693693698969 22.258949811854638
9.891968929237128 9.642067478271933
17.390118272547664 24.937989564663507
19.682020132280392 31.79064945654141
20.33713991454122 31.64810768055183
12.19901331117804 35.137059859138745
21.946853155666453 15.294949176711254
2.3070204969844683 11.767452293929153
3.757274756297984 20.915462205774933
12.048572500675022 35.04468587123906
1.9623975628514694 12.236334776605192
5.655210800390442 19.59841232056887
1.9726043320698947 12.048438967298766
10.931632901607065 9.517668664314675
11.659029925491495 34.985141075622955
9.20206966717198 7.778031405562178
22.16142499932179 14.957107370315887
8.571612842362265 9.902507846795869
2.0948027647649736 12.306018546862973
11.291596626420075 9.030260940212678
5.20932581635186 18.18179876121689
22.161236125283992 14.909487343102075
2.061050349632505 12.34521592230932
8.887319142012249 8.523417712148802
20.29202729959431 31.6699685600032
17.183594824112944 23.44470315763158
22.04119791923046 15.065651143521986
8.080260546031402 10.545175012651715
6.097940231684531 21.302586565088777
10.381432680426414 9.64380453800805
4.138821098187062 20.976959049516697
21.957968853432103 14.799445605055556
12.321560570599809 35.2947290746473
9.293614162903921 11.88777317858922
5.446736065566165 20.021497845247307
8.983604886517062 9.410846533907618
12.346038425436223 34.680062371367484
11.882302353125086 35.20752888986102
6.041582992602628 18.722099428816975
22.083662468852395 15.112215809285976
1.751859257055992 11.736181039644507
9.261848711592675 10.13621285738751
17.415880175180373 26.000262915829566
19.676365415021632 31.974033231712006
20.251643969308454 32.19671927762186
6.383314415205511 19.35920832559029
22.253606743305205 15.087895682678878
20.32218659124039 31.651307670676555
1.927361392223978 12.10650766847616
4.458912081886974 21.289565058041315
2.081377765655172 11.93477964079087
19.63969413905675 31.761396517599177
10.586901202577854 8.564195848780777
19.752309167409013 31.894734059174763
19.89888196097691 31.85893293539931
14.438115039925258 24.939452151794963
6.65834139989112 20.69642558751561
11.764996089148465 34.9551893103004
4.807094065012551 20.441364255659217
10.072819933406844 8.566356553155908
21.89917456845786 15.305289121442737
2.1354455986294862 12.07078203029812
20.027400876078687 32.10028575592999
8.585970071516236 10.25366861939029
9.465616772550353 7.8062604273119796
4.164514532244316 18.682925856670842
15.328063948560999 24.796189547782312
3.592439560302954 21.214580825789348
21.723952221255516 14.69384458665987
2.1918172854847295 12.21568827317048
19.74014113973156 31.935872527122726
5.584052871998706 20.609748322700405
10.716133697710006 11.36661964980204
5.7981531058669775 20.699294394711938
11.871023153850377 34.979026969346506
19.658879842411086 32.04698081752612
2.0446299114327817 12.127716610526384
5.088111926716558 19.096651705562522
9.814192573082945 9.510875989547008
20.377919427057513 32.2359900459518
19.71311665090381 31.961692969116704
5.2742521069497 20.332075598705
21.933159329221436 15.138168282228074
12.025176569075647 35.03516764662607
8.598537874175303 9.336102859635675
9.754921430276394 8.700611074965806
5.601508789734964 19.093072625352086
1.8868357985675939 12.348249745237835
9.635088192775193 9.56296345415901
1.8696421812327237 11.717123260716264
16.662239929599398 25.455490848783253
15.562417633196004 24.25306815925942
14.48893548754442 24.03391113537084
19.903630735606864 32.369958624971694
20.013193608983094 31.71753430416621
19.80325570253309 32.11939934400823
2.3384463062922496 12.203185640754539
15.286939432858784 23.94093907909352
9.876302404660482 11.575071137014062
2.1541514628381195 12.33980255455873
9.394544964932843 8.530616814733841
21.97359247419923 14.838600065968814
14.911488813710715 26.439582781733787
1.7574429350482095 12.146562687054532
9.277398157676915 11.80793099863998
21.943967950652794 14.702050990556213
11.731321852659763 34.65197052999287
9.60559015630644 10.936726381130116
4.860165423506849 21.501296456361267
19.841366710709195 31.621188895309384
14.517350003301177 23.498271431955732
4.394529691657973 20.6876758645947
4.597690273049421 22.19155149907325
8.478743655981404 9.561999153999505
14.690959554231528 23.05615034356459
19.891391346151195 31.671345263883843
9.421663062247912 8.882912292228092
15.85650516834762 24.66457298437394
12.132544866320005 34.76680257866812
2.060395748176932 12.137661443519274
4.068116862126212 19.071230839553042
8.606824513991626 11.224421706311245
19.849591525845515 31.806107212093195
10.883601722150749 10.594701879282793
22.046879369992993 15.129210081196545
21.847357229334065 15.351142095345816
19.952083051174952 31.924016548729792
14.349038869504918 25.54118795928208
21.93221456102084 15.283941602898082
12.027861720278024 34.74504823900289
20.233585478965885 31.928630320325865
5.49723617640876 19.190562867509296
4.831290513579414 20.29402841430486
22.08283613582033 15.119951733279155
3.8266215098494496 21.757286847174086
12.289292067494866 34.9815317297195
17.415660771550257 25.79435761946645
9.404857289183868 11.320651339206616
11.665794279800973 35.299606018457226
19.827644620646545 32.22750023275386
5.7365183815590735 21.98208214931748
5.010217124864991 21.595311044159967
22.09448129565372 15.064877163296572
5.330671497620088 21.37096542945767
21.93578235099827 14.772604043934058
10.722687968999544 10.548186532739864
2.024762584379242 11.794884144218262
12.306195001782255 34.77363915201465
22.219207966184825 15.067528220758335
16.894856893279833 24.77493778682035
19.877667837590202 31.761981085368355
12.088540370478352 35.26037746479674
11.213349610802087 8.84859295287345
12.019385058727327 35.02141157429563
9.619870337754922 9.349772428088198
9.023351464076445 11.249267180961953
11.983561947340984 34.90638682990113
15.464870418320258 25.158767177007064
6.1543440816008665 19.12557459495767
5.61153849720669 20.24385873488941
11.237241541258296 9.413677583988557
10.912559529848801 10.556785732133234
5.017143905516607 21.171356272005614
1.6578194942490474 11.682001960924254
1.9548540266668555 12.204773299501438
22.378925933867887 15.263946892807105
19.967495288064196 31.80295376690857
9.318658819576209 8.848304576029783
4.589162335993421 19.163103248585596
20.08728712647106 31.950554783110782
17.390168971443806 26.00917371666011
21.947321958770104 14.805590048459816
1.7396310496422673 11.856844400975204
14.725384625858448 24.672998383889027
6.397960966878928 20.328666233811006
2.2903565990106296 12.108673791310391
21.63199362346848 14.82167930632698
15.337154117881985 26.490202305441027
19.701697784122118 31.721790557434158
10.518531906620803 8.82952614850399
12.269409365620163 34.95579882002132
1.649748015912512 12.157792495285692
19.688437312233276 31.918864059926104
2.2113742683099438 12.00220908553056
9.922438643372713 8.994353302250385
19.73661300417846 31.961941152223243
10.839596031287911 10.630274339933502
21.72017045446704 14.892264132204565
10.448752478531352 9.889219019629735
9.360627333880641 7.644376520058419
4.244464801758811 19.946869128748506
20.255882667660053 31.99987020890058
11.720277698264034 34.93572267612194
22.341248199079224 15.246385222267994
6.607651528815036 21.652691760797786
12.295837572465137 34.72199195896689
20.05493082940856 31.975228437861674
3.954461107894126 18.063418124111884
21.756843233474996 14.753052709847807
20.159268481319895 32.15216663453469
22.06319941929556 14.796463217664316
10.873648579769945 10.814324834914066
19.68278474504189 31.942619742601995
19.715248354516987 31.860941029549966
17.072426064234378 25.83938478391603
1.7382407265874111 12.193371268134989
21.84961246960912 15.379523909780136
21.897294537101637 14.71987297287957
9.669392570501756 10.877841380818987
6.068412589695144 20.83773381954145
19.80060657224711 31.71260474232055
20.145972053245586 31.899183664489357
6.834359980337851 20.180786151838195
1.7673668167628442 12.209933454286494
21.78644344958536 14.764500311850588
11.893259588826478 34.79958995884072
1.8276854954216708 12.199431233665559
4.602812039384571 21.11121678255713
9.887350587631964 9.365605198603994
6.180638747873746 19.196618434230786
1.951114160474704 11.924341860400226
8.725409601580282 10.912856606393804
3.765168010211572 21.85475341380382
13.807640325092729 23.74529722496948
19.698784539299766 32.062246524384186
9.46831315883623 11.427274013189006
1.64858150663403 11.900240575612258
22.37150388699548 15.218103355982
17.031225239767714 23.800022385884855
2.044780773269208 12.109054880154602
8.480094008094085 10.282205299590085
2.0998526912193265 12.225210556155085
20.034638887495923 32.10784953986894
15.477989645451562 27.193017734803263
22.277451222249923 15.211516827985259
9.179929422702486 11.230236206284546
12.329781184039433 34.64761828540154
12.282940920768604 34.839994901912846
19.833830817163882 32.074114265967744
9.539262102280494 10.57434406282669
8.733199161572038 9.63186364302081
2.03022577639439 12.181369442281115
21.948226154099324 15.185887616585829
11.607772517737459 9.142090037242982
19.95737036963683 31.959818541349396
6.097697016870148 18.14848207820714
19.635454072779005 32.283731893280915
10.28928783585111 7.839146250368122
11.87620525629061 34.844218435820295
9.278508610547364 9.677610775997628
2.012091134539889 11.714755106692373
21.8317118414962 14.791880911689164
2.181579994565743 11.651177262528222
20.11032378553159 31.895234442733
8.627633046298559 9.5570441845272
9.105419973055568 10.096815983945561
4.274327977201213 19.022700838668612
15.362396564001667 24.39920253412146
10.793636837990224 10.374289478937296
4.402429842854224 21.916611612889586
8.318468081191702 9.764675758438488
10.660233609565076 8.16487182349085
14.185776690140841 25.383065008772924
11.675502439695748 34.94201001243176
17.69338465111082 26.369697447293458
14.376923472359362 25.116461563714218
15.688887356117792 26.01194328184076
6.8130922112775725 19.38459223135157
1.8400315562451761 11.927824553369366
14.612314827060036 23.902926969622847
11.874632006408772 34.96530529939916
8.778010021766166 8.912674930269212
4.026113927240578 18.71783288496618
9.914900774975216 11.465675620727982
16.93261613607478 25.97232480971564
9.615215413685783 10.516479019521052
2.3543117651851757 11.750623617239333
3.975203337799191 20.09771059596512
9.499724987504791 10.638744651438506
22.106014618082575 15.35803091716939
21.708251565351084 14.79844802464781
19.700699789542913 31.803720774311714
14.637050724947253 26.683681336292047
19.983683690429622 31.758531278794543
22.10893891999617 14.643674486027862
19.75121883662787 32.1621611197165
12.26476651608375 35.1728255951951
22.31131713736269 14.868306535542647
19.790423627586925 32.36870073551495
9.060681302689055 10.586127309203572
22.367861380204282 15.37052075131829
20.140358750470828 32.365422581199525
6.4507754026863955 21.737256418308352
15.239108035336558 24.267642500704433
16.021779656068393 23.423212888479647
15.479906807790831 23.639182541227942
12.231014049947602 35.01469285985314
6.278663662620726 19.160909111427276
17.61095387056379 26.805531814615275
9.758046618997618 10.145248206439398
5.760617718984016 20.25174223336302
17.135639867991973 24.683588571968805
15.56374936758673 25.279529099501275
9.086241471938646 10.162608992529847
11.982865114852318 35.33122729412106
22.12076633599626 14.849239050061348
20.30575622857639 32.23824316329398
19.954199841617974 32.34692382554598
14.221251124110363 24.257568082732483
10.06307367122235 8.365666556578244
5.714996502338951 18.84676916291201
19.801214022629466 32.10560331645134
15.077470415393691 25.844700634890092
16.887650739344178 23.771951751926025
3.992600001720703 18.437758315323634
5.966388249445929 18.928919786690095
21.89564138945572 15.36550506592629
22.03901477357625 15.277774159933758
7.87904570735963 10.358186451386922
5.348393158907022 19.41526425431143
19.831804222387856 32.349995239721395
1.6840901403386686 12.111056589269227
20.355346539635928 32.36979674132829
9.676655823371751 8.276905535858551
4.45698631421601 17.985798099811596
8.753181108632912 9.46622226216255
11.958566846062288 34.66228321242786
11.269244141540751 8.992961744477421
5.047735530835131 20.66462644047629
5.878020665724435 19.0283474422482
8.64145506554674 10.21620315004516
8.425039232258587 10.418427620642367
5.778640176741151 20.850859871637237
4.316100696619334 21.014089193025523
20.34458679526899 32.033502289545304
5.7574260533912085 19.935912327604257
2.1232227192661766 11.718003260286386
9.296107672433092 10.561033109383999
11.801854370119186 34.65858172676767
14.997824763657395 26.8766457494545
19.888140190115784 32.05370442417705
15.649640197167093 26.61726146350532
9.304400900515452 9.083735151423125
9.508630533791138 8.773708501897492
16.947306875457066 24.513397139364578
22.303442741493885 14.864804983007208
10.673998260304554 11.462220773629024
1.8115167965742764 12.267190357588147
2.001039149423349 12.347868992738604
6.450723727375086 20.45161312262101
5.3286656425399075 20.848866971905608
5.461933052401244 19.721773419457048
22.096868161940716 14.649961156210221
10.015984695768557 9.860844211349825
9.470268380135865 11.180822577560333
20.037891388033238 32.247236601648545
1.6763848986916987 11.970924289699305
11.869224260642534 34.92463326743718
19.773209154555893 32.221243002054074
2.1868116681130982 11.788394764759632
3.144083461159008 20.061348632224256
6.104277002586431 20.532530478562727
1.6837450952825606 11.741837374026488
19.972976039909256 31.87854635194735
6.05280464277401 18.63953337446057
20.367089087808516 31.718626134582465
1.7111881012162173 11.998012849746129
19.717784176923804 31.693477929378798
9.592671560227485 7.6148264393937595
9.65692538878754 10.308675359448548
12.229516193752824 35.24745866690571
20.34159500502874 31.644612846224547
16.551251132178766 25.041945007945554
16.313315379392147 25.209195679290037
1.6616342884737416 11.775361574508835
3.713757663799982 20.59588645111904
5.951962965969942 19.602069280187447
12.137705909801888 34.724474945991766
20.340895609017497 32.205977000283795
10.248268999752542 10.82987302664323
11.648474293701671 34.84677808010318
5.043316981902946 19.093802999697488
9.137401438927952 8.6857021258436
15.25911503182832 26.27526661763406
4.744337967948829 22.042240253295585
19.65308616312675 31.91402980436079
21.85753674599782 14.85751791406782
5.0206086187703125 20.794500877659004
11.411549849818492 8.653447548143687
8.436542062296025 11.494220899196101
10.098162950155691 8.790759574787248
1.9042107306360552 11.913486249713893
20.163175247117653 31.874820670496295
19.862200505341796 31.695303174538715
2.31763195972889 11.914436585237569
10.794302827713835 9.418689897713378
22.335258700327696 14.941432010380552
1.7377583314377476 11.844801997257512
15.549072092783794 24.94249216357316
19.96469354104593 32.143346314471465
12.137366876072548 35.230775922886416
19.941673616800472 32.2098912008029
11.85383515362094 35.30306299918328
5.457013652216586 21.352961925494917
2.0834521088052327 11.896562449361141
9.787116348908093 10.29004168110427
16.166555084894373 25.905897589898395
11.090893572748346 8.38836292726203
6.238461295893746 18.908284491844036
4.195151977255078 20.792708800889393
14.758528080923938 23.848991046513447
3.9465352913783316 20.7789094253269
8.396012570602037 10.139425976190607
8.913436025600916 11.448963934661514
2.1969558088346335 11.677268487920099
12.047822438089854 34.980918375998506
9.503433838404849 7.364593676024447
22.17270467784444 15.310651282808971
1.6897358391213784 12.023166843380787
21.716336493221714 14.93993002325166
12.118249138854496 35.35876321665856
1.9519009524718531 11.700455981380646
4.957178701820256 19.88885223158783
16.06948265042933 25.041307836954704
19.718065047925634 32.002176477701525
16.130618389828197 24.06897832791909
12.32224732023631 35.11853875841869
1.8557761205393772 12.118601585707403
5.1670059124449566 18.015936122689475
20.013757621022254 31.851134652533677
8.795726073949272 10.039708460078925
11.516829436505155 9.178113281264253
12.187977259785683 34.78262997413852
22.237920265652004 14.797078996074983
19.69100558923152 32.107150444747234
9.28531331143601 8.941081899289859
19.70949835657291 32.208973007483934
13.930195655578721 23.989976848839753
4.249106246607797 17.731260897672673
21.903211613125688 14.71888774471612
11.534696261564116 9.689144355917419
20.16542381259686 31.746650026770094
11.774957678853623 35.00138282350435
22.042761761839287 14.707312838283034
15.984067247847209 27.245277317045904
20.09333603193914 31.667733434768408
12.156389176435342 35.014199240785686
11.181757318629693 9.6162119101688
2.340186875088328 11.969673645439295
8.719644178819802 8.883850888038038
15.707829374421111 24.482059018366563
11.215174536242039 8.803229271956248
4.563629513972779 21.13654101514602
12.152292507353854 35.03128426310073
19.72706700260622 31.65846002176822
10.929112772294637 11.00646896472782
21.69873643010272 15.005633535695683
15.800962699721891 23.476571062752033
15.020194767259182 23.80832884479403
5.567410507796728 20.277546765453657
22.208520119131663 15.219369253250983
20.279840836838737 32.25185701291533
20.108524668314068 32.251091579140336
12.16846492773166 34.83871992537844
21.648281217450776 15.376904804813822
20.06671735270539 32.20351404439182
12.13366011818284 35.27941734662579
6.750915086676305 19.179453833821636
19.83716876989517 31.626214828519903
19.678432925911103 31.72464828194968
14.879740594591274 25.86946322383225
1.985248898150987 11.90212120101937
9.694632402027349 9.759703720285241
8.248628568665684 9.720997186559499
11.70301220199402 35.18307714228325
11.965783791305709 35.37151685104043
1.8743335039175526 11.870564973889474
22.35521189788678 14.844307501371095
1.7659239775849336 12.379982232038302
5.401769575883833 21.884815045154596
3.7814216775693206 19.481108359656304
4.977907379792477 20.521342579536057
8.828078037540967 9.732461848825592
10.88526638321519 10.452881633124425
22.28150168908703 15.231216729339428
12.347080974069376 34.96934428433489
9.014388679539035 10.319730753121666
9.909698208928004 11.798686283063526
14.246221606391916 23.32073390033586
4.2759236688954 20.37394736195647
4.493773389369746 19.516915065477047
5.501673281476035 18.72721562308932
15.579223742121751 24.846263483702234
19.764273916929753 31.74110023303838
11.094674518938408 8.92238202998013
11.733194905078099 35.29878008597929
5.309957305706912 18.323715789419133
4.675456532577639 19.101049297476894
2.1680990783321246 11.65320624524543
10.73240149296243 10.534910428769196
14.801830433025152 26.282944818755883
19.862680458411514 32.37089776079499
21.838598349811967 14.857461163306617
12.244462581257167 34.80406938570733
4.182823050647594 19.857150362530785
20.198105396044333 32.01138490190249
1.763061993452611 12.07980443389325
6.242087346112574 21.31493070159788
16.421053711267245 26.458271820622393
20.172378940740437 32.312821495443174
22.22275303075725 14.70695469504686
4.2076288725480655 20.86078271400603
19.99545667245966 31.89428135857773
21.829669895054806 15.355837225711653
15.376748573528047 26.374251440035113
9.345203199811985 8.546476636827862
10.255390982024968 12.074288187115616
20.189922468039036 31.741589912206827
8.666192976342025 11.630659223949712
14.775920159855257 26.129643590613718
20.378957921067716 31.77213553915325
10.358810366741537 8.324534905838952
14.955009688647495 23.405069069759676
22.31604118993883 14.659099020779006
5.21457411838458 19.588123355872707
8.388714687634929 10.094029345695903
1.8547382132485495 12.342888678333063
22.07294604273256 14.83072888294152
21.732733707501875 14.715905607111843
19.729188205283602 32.274728658392696
9.355885474484287 12.028251935789315
4.431903853931792 20.872520085856422
14.948957587080919 23.849534527089524
10.878518007338341 9.61211690517855
19.7231535974752 31.676279549774172
5.139864563491869 22.21069927260774
9.525339976354411 11.436983088109736
11.678731343982891 9.402822836439174
19.722487961709174 32.16419424377311
19.887747275046785 31.87729591621657
10.105241914145425 12.392930678569078
2.0715006621582175 11.912206682202674
21.794889977137515 15.229468287734418
11.886641119691038 9.574203667956892
2.158713850922001 11.684386449123041
12.078115053784463 35.325625682972934
1.6981314411110997 11.814535848721315
4.822190433407882 19.63238898552736
13.746058368765716 23.67485109947915
6.310890000009045 21.682116257749563
8.054654236531736 11.122104639142078
20.043952197086817 31.89786084364186
20.05482427385901 32.08976240400697
16.07791716939103 23.271370418214474
2.251595506165021 11.689702312940911
17.316688382950083 26.589798316860733
1.8968675547393845 12.166885112080895
5.378715816929925 22.01724878196726
1.9567658604910478 11.942251227565876
21.90957937944708 15.105297443528636
22.203277788616553 15.137449871578337
16.64920823404686 26.84436867436321
19.82113848995312 31.780214368573493
20.01784826383544 31.894058855857224
3.8126358739857675 20.76692796716924
12.1313034612928 34.8542088686652
11.190833485201932 9.971519029919392
22.336808543403965 14.869284774181205
12.12751744724699 34.97370019311587
19.679933527636976 31.769189458807137
11.622291758409228 34.78560499459145
4.234424691194761 18.737437974019365
22.338379082550333 15.370615288366038
5.596673799797491 19.602386532997794
21.978322419665894 15.090855618953842
8.950888940642356 9.498008084738629
2.147038102770301 11.642004417606564
11.44411489343284 9.370901260095142
20.225941069086264 31.822707728809657
4.02341798457446 20.45047532647895
5.077551514552881 20.166625559419707
1.8381785447770027 12.109946516877637
19.78389760579595 31.733634910412814
21.73759493365228 14.986463941115336
11.664963565543532 35.20423099508874
9.067830500965947 9.033598455090495
11.741384787172947 35.141415951117246
19.88248162613276 31.92302462145226
19.75714692931295 31.8432624784419
2.3778447258540614 12.313460468948326
4.433224798874559 19.100166472214173
11.692492680403841 35.36608074625481
2.183136484929999 12.358575842256094
1.866530997979604 12.335469642217243
6.37679573689582 20.015100959727626
2.2121295801384813 11.678048326879496
19.649574614347127 32.16232980320685
11.959518996572905 34.822915688492856
12.073651308124427 34.821803132109146
17.310398311887678 25.50768912549022
21.902319967168147 15.132875782085245
12.20507919606822 35.1446206868383
9.25182131003912 9.711009063653094
20.31722109042569 31.97906574911635
20.288097504336317 31.998001407516107
19.931169480873184 32.056924386442084
16.238746172806735 23.55078445266107
9.791671460483464 10.322178233900107
15.37089426386341 26.5332228603889
22.03541458457754 14.676135044214984
22.117581847717588 15.287056721928803
14.359731104919343 25.31948545305546
11.72623354918699 35.32784023900279
11.703299488013405 34.9365706047685
20.21767337524244 32.0057931675103
4.3418244595429325 20.776501003728207
5.792294870007873 20.09401203092103
6.0070597019468694 20.465629117425536
10.536400725740803 9.015573328044594
1.8579260793147754 11.946256057588634
1.9542197404198167 11.976380023480043
11.142396892741562 9.032159247375823
2.283481459245104 11.659656650478363
17.889658613574596 25.967733054463096
19.937782404934506 32.3516412477019
12.366517825321758 35.20609244450661
20.085026658900368 32.147425287191005
19.820999403841093 31.897991006229304
4.444084339756094 21.522037801683133
3.7051515292739836 21.287171952677028
11.064921982558797 8.376784855443738
12.055386784141445 34.8187803946197
22.268534948581742 14.701056483240995
20.05703606772328 32.166093689122185
20.13534754271654 31.953011346954458
10.841601421408276 8.884520051442186
1.7838324136566877 12.009383192408839
8.952195335031004 9.436063877457066
22.074017809951478 14.844122286921916
2.200762280778548 11.839979819725253
22.263928884582565 14.886086635608105
22.004218816609118 14.946951487625954
3.1749512563832782 19.053448459830854
10.177168361716367 10.31717501666992
10.910023449703498 9.099919916587615
11.486761695753284 9.667922990809599
16.596705007629993 24.482776747552396
6.410576278772666 19.59499347152591
6.571722168741482 20.386018099485007
19.72964319312039 32.07787184288303
3.7257455863894138 18.417342065520984
14.767937273039747 26.145394944573965
21.665585543257844 15.347034714123648
6.089807062955211 20.44623230842282
19.895518069717657 31.839337289749714
4.218934208997001 18.9383558568366
2.2923186280256855 12.327158664615968
12.107397431231352 35.018482086475
1.9472978086287382 11.718181133337003
6.6578591519321755 18.610013877736442
5.080375110413206 19.480461055596937
22.104807519562712 14.969273579374315
4.105183669280021 20.950368064307778
20.239708621298547 31.979783823434403
21.810476368033147 15.194238766043675
12.007382716570632 34.99228345557036
19.837444280619177 32.27522528315663
22.219343967847717 14.64535704374668
20.105996675974286 32.221523149910624
11.838306228548939 34.83691565938951
3.9696954916465783 18.940049426492294
10.132947920666837 10.486409471288002
20.195075984095887 31.721391288293116
2.0064512496813336 11.633855208721565
5.630467682620641 21.154625184313364
8.780537060157297 11.183554339338349
10.827261970907259 10.488050515239138
2.0201640384546526 12.123066220402277
22.203248724207313 15.092510092156497
1.7342837286990518 11.681941510460392
8.630881522381843 10.802159395803764
2.311983764832831 12.24069447445018
15.512226330234776 25.351661526460262
9.392723226147393 8.832863161271703
2.101250746895822 12.023259663787213
2.07313006687587 12.29134006023394
22.217749736383183 15.286110053497048
8.766018078920105 10.014879113529728
15.794758233259465 23.2699054743609
22.152818645757918 15.11342197917629
9.442434146369575 9.20974908033341
16.93470852140138 26.304943709809965
9.246141544664965 9.774235096903764
16.625659905225927 25.477713746489812
4.483923474094896 21.436112168864963
16.616797914544705 25.007405495299135
8.848235532651863 9.364432465407127
2.0440520414379857 11.91378879559004
22.33368032994238 14.8326025064652
22.11006837541306 14.666018067766622
22.31467720468912 15.33758274023387
11.899333366357649 34.78784542237623
4.5492300531747745 20.817372669651263
3.6794421201835155 21.559716620991853
20.06977441844062 32.061291340866596
12.045970568579527 35.33020889583609
22.18924881868794 14.8192426702698
11.90395487991007 35.1534749524103
11.991642340428761 34.98465060163357
15.241512631503133 24.79678490000329
20.329651166789546 32.168057605904814
20.063341525109113 31.656980181026537
16.512629292414477 24.16587144685463
19.64301728292189 32.29563762990121
9.534119849793678 9.463363991263359
2.3529516217769713 12.07805261838207
20.29320069306976 31.85985282323779
6.439410374518778 20.43423969112778
20.221969911944466 31.79991950005802
9.729007981751367 10.255591539909277
10.848891307473545 8.460611470054465
11.636545547998853 34.813387486491386
15.158460583235632 25.82680371590626
15.45885786588028 25.004221688843497
8.836790407031552 10.669704535318802
2.1195819224759647 11.672884920148736
21.844863016563995 15.151452100458558
9.010400371711874 10.640629047937578
10.855157634916463 10.628037402782002
15.203403300564991 23.961749986965902
12.1157470351185 34.796487351407976
15.597711581430357 23.475099625414146
21.827120786541396 14.745053759480248
14.119139424645688 24.095927201958816
9.678488108304983 10.979791150137837
15.325771260078502 26.351818185264236
12.00320163187158 34.82735618193848
21.960689162845114 14.895149620101309
11.705278681568325 35.2498682810084
20.260565731653852 32.131115658861745
20.305520679204953 31.87659088582041
12.07123073827955 35.00555938951299
2.356887338590555 12.08405252081562
5.016557603671562 21.53479692542473
2.0739072952144375 11.737232098604052
16.562201834230468 24.174611767882762
14.889478453608204 23.62034107928568
5.142098384933255 19.307849027168878
16.199547868190475 22.82107108100353
9.779140210286783 9.873059760122038
19.791357416383754 32.340087183975335
16.397414257194043 22.804490156838767
9.572799569119768 9.443334454477846
11.937592586506204 35.25657971571087
21.922032736354506 15.262765806104888
12.208700658673695 34.90894465559952
11.991509254791705 35.30315590730224
21.689671802101316 14.781200419721719
1.9614826074841076 12.010148080825694
19.855657671032038 31.922650282321374
16.504014666796387 24.76284141560524
4.045683500241857 19.361090895024486
20.095016994700927 32.08696549151423
5.189425442268161 19.46924105200933
21.706373473157775 14.668304108991823
22.0711861735797 14.963524119130652
1.969413230270769 11.679175585025575
11.870515230517677 35.062670171181786
14.429819696730553 25.36806111704146
4.668770882902653 20.597012507116936
15.310571781102203 24.280361600473938
19.715934818469712 31.799356489119468
2.124345200564605 12.316727305843411
21.92081236309264 14.626154453978733
3.6845683828864906 18.6221864041496
11.031159224051095 8.800115271285858
20.127558240771616 32.15925076998289
8.615486772381919 10.098727286237024
5.239599187142985 21.434717426288497
2.320368515985211 11.886777799760106
8.098261292756078 10.051660495000567
15.117153326710705 24.767596801947207
15.845675888893261 26.34225959214263
16.295541506788624 22.81609487399741
11.441834361259303 8.700484061296088
12.084325419743891 35.105431603504364
22.1446382694697 14.967195217627518
12.347576421107012 34.83204486090054
12.282795326731453 35.09823796525785
11.928172684822323 34.94505447023819
21.713927439940253 14.90012510054819
5.45026487979643 19.3713461662008
19.913625106984632 31.962269329286716
11.070250756754161 10.084048669899513
19.64783178636805 32.11164437908857
5.396858369357679 19.963608441532966
2.310877966995985 12.054459081704888
19.92260158538589 32.16486953486756
11.63264408618176 34.871742091119984
16.942648552404446 23.947148589933633
19.84796707545992 31.73970398948323
16.91328773648118 24.95090135028758
9.950546610638145 11.246929529035745
22.35993814078922 15.31206888482622
11.64834666739445 35.320317870177696
3.877543293890827 18.977150629497356
10.206486022341684 11.048377214350257
12.155724711995804 35.14458233278834
6.04897292056744 19.805341755821225
9.008322195383403 10.415427845555122
10.662188513028477 9.151030736497626
2.3579395287982017 11.860265559812841
12.307939985123214 34.79151045117406
22.126798945122527 15.303170484092243
12.072818993803729 35.218401724265675
10.319770904889461 9.402131953540431
1.8891670502333147 11.921774092427945
22.13298230058291 15.043122213929541
12.055153406267136 35.1523958924675
10.477725896575718 8.754433653178781
6.451824264263382 21.0552331582245
10.767650923711493 11.250512871979907
21.97593185552805 14.677227514289136
9.407418502008193 10.346534770900629
2.1441036312209443 11.895008045337935
22.1419839869549 14.980443593047719
4.740439410512156 20.17968869005618
19.926473094806912 31.65438421982856
1.8797165822999766 12.202278717827543
20.276473705631226 31.681729369718962
21.775956237108588 15.25066155628502
12.046273947410565 35.37857337998817
22.193155134726616 14.791467168731293
4.051047966206624 18.50980598365975
15.066130165906355 22.9753847021293
15.00343743947853 24.982263834655555
8.124322918677256 9.864947212667937
16.235868369892383 24.72776391374427
22.08321375803529 14.910733666948824
1.882331370165455 11.704276226872707
4.606492857455093 20.858940449697272
19.750112473522403 32.09460418244959
16.616186724525296 22.511100627222078
11.894956500078425 35.31710597715354
16.991188024324618 24.32769556581147
19.84468636149866 31.958895979955734
12.234698547464696 34.87131991359216
19.976523696638175 32.087664675444294
12.175650617694668 35.112696857419024
22.29291447576368 15.117740642095033
17.774870552656854 26.003667780237933
22.149327833644602 15.030546296526017
1.6910242534501765 12.129546590460754
20.09366359976756 32.08439278729481
19.94726143552262 32.376274605281495
12.255514430565505 35.218850078705636
16.631940283461766 24.686338528264237
11.28833136900409 9.999624949502191
5.992477029459722 19.927844276347642
4.077734762405233 19.367761922873235
20.3345717214994 32.0827488753282
20.250080833382903 32.03899061714294
1.9381822283146068 11.743164211666862
16.236527560914137 23.87811034847272
22.30623053802183 15.209563144498569
15.283769318904396 23.666966708516902
11.037654169622956 8.416203726118473
10.545488356213795 11.213593498061337
3.8722704867062046 19.584866507689835
2.2860585071324837 12.089703913775066
15.809133465577798 27.35395913561748
5.940516862476456 19.4211308687516
20.34682723655283 31.82858278524227
2.362800084725193 11.68862534305011
2.183951408804578 11.951526892589357
21.70354402439597 15.27850039526517
9.202304742667113 9.997572388388663
4.544121596994508 17.743115616091856
15.54367137110894 26.375331342110325
6.825480570729958 21.310347855752614
9.602511428712189 12.281695653919321
9.0472349913741 8.463352867212334
5.495914262781123 19.851590073312526
20.01348640839838 32.314292304418025
5.924776069756438 21.25116603979941
15.939458399091913 23.552173925169633
9.935057385501986 11.622888313331655
21.898051723267493 15.00136401932128
15.111194151234956 25.146815909695615
2.3429820268404824 12.097241066809959
19.92505418404981 31.650593728679645
11.202215847471972 10.138399972815689
11.067573530175158 10.289575987996944
2.3300631010380997 12.160664742610441
20.03799783209004 31.84067533491114
11.862082824137074 34.91864548677853
22.030563747215997 15.226870505903793
4.145063144955775 19.573424291809665
4.785877186603738 19.96925578921131
10.064482120413446 7.8713428523386595
16.892285535763378 25.139949225085722
19.76235857296677 32.12784332621892
9.519237500307051 7.927438344564368
14.879817768887479 25.779200865255984
2.369764280279253 11.865638263648954
15.405006871968798 26.215319611494717
6.014539362958991 21.130502111806052
2.13551318704947 12.053518738956557
1.7717702758979574 12.079544220158331
20.338492518454448 32.27676452627545
1.935321648422444 11.921305013757388
1.7978422376949226 11.801768057906594
20.155068736517187 31.783073523322027
14.615847696706092 26.123387505318313
9.291831169337554 10.014921659495888
19.69797440991441 31.869219128059587
22.02853542047072 14.915370831674108
3.947593124762322 19.964385104654504
11.938273026608584 34.93384968343958
