12.75735310585736 12.16578400709645
12.211965180698812 15.433087326597672
13.537387598226328 13.838794419536004
12.450495437537807 12.98217935163586
10.614798032827483 10.344829731694754
12.776444482842209 14.587457002411576
12.844954783175043 11.237103753312462
12.18403871637102 10.206512292919479
10.831884741644233 12.59764515744131
13.13065326560518 10.569686015137734
13.028813909035442 15.474191301608249
11.535736620364444 11.489931751391552
12.510785468001796 12.162895593183183
26.328463973342245 26.223212200095496
25.323671682326793 27.324717541797362
26.043438300172156 28.182861533461754
26.100223142725376 27.900848063882293
25.381362192969437 25.646687940284938
26.17500629323622 25.839243577371068
28.545449239408217 29.65050762357352
26.283382129282487 29.891361754436904
28.046881437374264 25.16391962021761
25.492247123683267 30.353813059567656
25.055931886476976 27.65614147373087
26.010940440089414 30.078663148353357
28.60682458020394 25.039759177330815
29.18689631618348 28.354806594292107
28.79101173481025 30.4552353447334
29.187330508747817 26.293595259703626
27.47180708372453 28.349562820512116
29.068560779815435 29.87992211765554
27.75068707455168 29.747895952550103
27.61287065867571 30.93316715433058
29.049687495533142 27.8245928313083
25.61560912210983 27.52487284648092
26.41078622181698 26.744282364714365
