10000
775
6345
80314
47313
16848
64429
42774
21879
83860
70980
71376
46624
65147
17908
77041
7533
68484
80870
40930
3526
82866
80406
27025
67063
63615
10933
4512
24231
56747
69512
91187
12445
57348
88221
84630
68578
44732
32549
11946
73132
73128
47250
52828
27262
38695
50444
26722
95218
9428
50785
15331
30393
71574
69531
34076
32047
58535
63370
96283
11108
60744
14128
45221
34225
18334
4224
77266
71713
37382
1401
32913
88747
87666
3581
14338
45302
1630
64829
58025
29446
14917
66614
56785
869
97179
73287
21088
39834
22406
28260
15489
71997
73173
2818
80120
89866
77151
76106
72057
51278
61705
7500
17931
35118
55157
64304
41093
11243
38105
11793
91806
80506
71595
42039
70718
11449
51517
16201
10877
71113
76157
43959
84624
44678
65483
1854
75810
17041
89984
84770
53137
51504
98042
42148
7706
90270
41651
7579
74519
8671
28526
98824
23085
27544
91152
50135
7519
93837
90288
63498
74955
60739
51397
73356
29170
92045
31711
38623
41828
14085
46886
48749
60072
63077
70182
87924
28303
50969
33892
17929
52627
54178
7636
10044
41012
715
47099
25108
17508
25291
10838
28296
80103
97225
2758
16986
33348
64630
56809
4787
72014
94328
29294
52150
48019
55579
62438
10547
10206
18278
64632
38330
11695
69648
16475
91865
99752
27424
35871
12907
59473
61127
9380
26000
32293
13121
12701
91536
5449
30507
78505
39287
96909
48036
33736
65981
32980
67908
7729
22231
48319
6267
43724
37827
88583
91341
6239
82037
95786
75292
86641
41688
6196
85128
17535
57248
66277
99172
8822
27806
71176
95799
88926
21031
39586
54535
94400
11884
72538
66639
6735
96219
24058
5637
86604
70776
47377
72678
18043
41454
37895
47622
63904
51866
62751
4820
9636
37590
19575
45983
92901
2770
70827
34279
26079
88216
50502
95556
55000
2737
11541
45542
81432
15245
87950
13041
21697
20788
13172
33600
73233
34585
69125
1891
71440
64031
66223
81433
79724
72915
20247
23912
32185
50658
55178
14992
74990
29601
71406
35277
74672
28008
7788
34495
50937
6458
94603
67957
44799
33450
76633
34607
64149
27655
12494
15694
97902
5387
7393
90247
73120
63140
95508
46789
55611
60612
25952
9487
5577
69845
75531
48506
29408
23927
60822
25035
4014
12486
72139
1508
8416
68313
1852
77284
58619
67380
47181
92529
71139
54735
22362
4038
83295
80179
55785
46222
69855
91910
61962
209
30936
11448
58854
7451
9456
29176
15688
76205
63790
91271
64288
23332
39403
1867
13069
60277
86690
1267
93
43430
63647
25437
20033
7299
16161
58713
70423
25667
42681
4849
93649
59319
28895
61050
27464
57443
7929
26937
12197
1393
20723
16519
59259
38359
77636
95587
82628
97637
26618
35536
41711
58804
40918
29369
16893
28301
68847
82915
94269
16192
29509
33056
21059
60297
76335
48994
47484
61849
8724
89365
1660
68257
78993
85334
89079
3587
53509
86940
86921
41570
85178
9635
71691
81182
26190
10595
1106
68789
98729
82024
2780
70821
14583
68289
62119
66482
39755
18595
11970
87142
22586
58744
12074
44111
74729
71938
16664
20346
5204
50939
78200
57631
964
2293
17458
11283
35064
19208
59058
64664
27972
70161
10042
53885
97052
82892
38756
84336
61854
46006
6397
28938
8805
38853
3559
40718
3845
13624
19845
32838
5081
54072
45889
90800
28611
51896
82367
89930
72193
73925
42835
55178
63333
35932
44267
1175
27642
21357
86669
90287
14241
40981
54685
19415
29882
56617
38725
78099
79040
22346
58684
81858
91884
34950
618
30702
90412
42445
80429
23962
65177
89921
45989
7758
56386
64870
69898
54963
11518
45782
71158
41097
42511
67614
74818
28272
29176
50837
6603
8471
69430
3953
18705
47370
91020
83587
73557
61490
23637
19135
87026
77449
67906
57794
88510
39952
64085
89953
54483
79737
3806
58735
21751
7657
30692
61551
71818
89266
65062
85439
73540
46822
16547
84853
83470
70799
76906
83311
4502
64975
18434
61539
65293
5887
63488
26862
66591
10559
78548
8286
7852
6678
89586
56407
8730
87284
89359
56499
5524
53694
23583
33917
13000
29034
28431
91270
99879
67038
14427
88203
23848
59199
8231
72861
80010
81906
9057
18325
12062
40559
19871
15496
78592
55025
3141
29889
92995
3582
55223
51123
89923
13505
66437
99321
85194
81834
13664
17370
94658
36323
76209
1189
88400
52302
17503
30600
77490
3117
34422
70042
19695
79996
61745
98787
79807
70768
96203
28413
72841
69283
85719
57075
15037
64565
68182
36959
86176
84501
85864
86500
73921
40451
99265
21566
37571
24413
83804
52974
98428
94943
37338
30605
28024
64435
86285
85454
78758
56318
29788
1160
93503
81488
13357
4324
14503
46665
35128
20726
44655
75498
13479
90585
75400
87445
46275
48836
33886
37597
74034
96090
29359
67967
10352
19160
77117
49512
34855
47846
97406
91734
31250
15671
91043
11438
69232
33219
82875
43274
99836
97
77690
92748
77424
79186
73145
20402
21306
44226
78310
20796
72286
16919
66309
61207
27905
48449
44775
14467
19040
94434
2128
77655
9903
88943
2173
72931
20627
70193
19505
77506
80264
5416
37168
99215
48588
10028
96862
98723
36459
60143
44215
26285
51847
96861
7071
43177
53565
67818
58455
32593
53359
18968
33732
32468
99460
71801
96410
47568
41984
95148
76169
10497
86976
81690
1253
3765
32516
89445
33830
44526
92182
82825
41746
86374
45392
99736
60431
95724
46116
77716
533
98724
97549
83551
74182
91111
8006
46283
82970
18268
82989
59712
83738
79445
37265
69830
52200
54873
82734
45441
79570
75728
13483
4553
76045
24368
74472
36635
67938
14870
98227
67795
9540
64186
37957
77396
49325
15591
23274
80086
20130
52784
84302
60214
74459
6642
36148
52473
18505
29729
58970
44301
55945
86737
45441
46528
51817
72110
23068
85784
4358
6857
76467
23163
26533
47775
86049
83669
36096
78711
21928
19070
20086
16826
42907
29753
24214
92249
76416
33179
77217
28328
18069
27913
55351
85579
76318
8820
13853
64769
94494
9547
80720
61432
80375
87677
86235
60456
23117
23304
10588
36980
11630
39265
68782
40237
39184
42242
58102
56990
42850
21423
66167
61434
95170
57629
2820
95193
54234
75748
64349
79060
67200
35362
87574
83617
44255
34695
56027
51419
66687
14487
43045
80217
812
88806
97985
84434
5610
17320
48463
73379
92071
54295
16297
52056
26329
54350
78746
47026
55730
85682
73535
12892
40609
25564
54694
27031
90014
50222
8143
59475
32065
41084
89124
61417
87005
54287
15925
94499
90001
30449
79050
47671
48113
93122
2082
26011
54124
9776
23588
19268
92552
97141
35319
93005
66492
87399
69032
75384
46030
19806
63439
23436
37909
41452
8023
83670
72
61627
46671
4992
11728
5315
53272
25603
22855
41570
67882
65323
94428
49505
60525
50776
7637
11631
45809
64877
78391
49641
43207
31982
95266
24898
11878
48112
35833
84973
82603
23945
23278
16649
84966
72450
38108
31994
41322
79109
34944
22123
43965
54874
42839
49258
3981
92952
51765
51440
59082
9259
19476
1046
90368
73307
15609
96486
95877
55219
60006
33256
75237
34543
21378
945
4664
72949
24225
47444
95003
5731
39752
98305
61987
70022
96829
49680
84346
84147
5051
29676
92288
57545
19210
53447
87449
44250
65630
72973
62658
1970
80127
1490
90419
45493
3091
34974
25928
2017
20892
47212
57010
67409
26334
35912
73462
21706
3083
83842
30543
44146
80650
72759
76184
47535
5900
56314
37750
82371
24444
38486
47225
55041
46071
82702
89681
27545
55910
80268
22539
27392
54545
27741
1211
60313
52325
45001
6984
78304
98921
81927
62063
21315
41606
28064
83977
29065
63468
67490
19418
9749
70189
53861
94338
22718
54359
95665
4109
33574
36090
20122
37902
38416
62143
63971
19660
70958
24754
9152
68658
47215
1377
55326
17616
97056
37499
49548
20160
90732
71963
49241
21120
76602
73384
50264
51658
47186
35580
95656
737
29413
57661
57714
41002
33934
74964
66316
66141
22598
28885
34293
96642
38996
38249
74909
57430
32818
13840
69946
54487
23480
78029
60290
44628
47896
36365
23818
48303
98172
23381
97444
5932
36773
27452
67996
88006
64074
51751
41234
10593
60966
77221
90375
32176
62393
48461
5925
72178
44812
91634
18121
22482
22176
50279
65848
48745
99847
35485
84011
40019
32120
3819
70445
70291
82425
63378
80072
45905
39976
16647
62312
46324
3435
67046
7569
96065
4588
79149
893
12563
61349
24567
37827
43860
98138
62255
65724
51695
81768
23719
69000
59126
26558
2856
28830
72391
11461
64700
58369
76900
56590
4888
98076
48477
24624
93541
38548
14694
22556
61475
64713
38022
57147
15634
44395
74662
75740
80651
16595
75004
22261
62729
7871
63391
40570
14459
8494
90188
52065
90187
80202
72982
20350
85006
48891
59827
72065
73549
58116
69909
67613
58568
55065
15012
43187
59330
94434
57799
7806
5953
5494
72251
29262
60719
47325
64508
60052
26912
54626
23477
20048
28053
65989
3433
27476
52277
480
82954
57085
7452
4683
51688
9479
69472
24457
7441
65225
16488
39434
79347
29062
14773
61591
35514
70204
18882
49635
24286
45377
37097
21242
57131
30449
69913
35053
40084
32913
33309
17742
91874
19513
92496
14852
8651
34906
50767
13915
82674
94665
35019
3707
38465
25931
23480
41047
21001
44266
66150
14219
3069
82037
51921
1907
11018
45417
5682
99053
91804
80801
3639
66904
47522
3985
59608
8612
20382
92205
60511
18548
33552
62178
92569
53653
86420
79238
51667
25228
51228
78532
38630
34796
97340
84736
75640
71031
95779
74231
89464
34099
52424
83414
25360
48214
36778
36683
63959
441
22392
56413
6788
7311
64885
91953
81436
2292
5486
94899
12819
60351
67110
58815
55318
81327
31774
20172
20190
8310
7918
39861
96029
84345
80245
77507
9711
77466
6357
4275
69606
86622
68681
67680
58568
17755
20393
64133
21284
36576
4431
56223
80869
66842
21953
66710
21543
31467
78643
23280
73223
98118
15896
13982
4274
83362
70150
25938
22798
67200
89909
93042
2483
15913
68785
62525
79360
2345
74672
80188
72382
28255
60309
38194
22175
39078
17474
26350
51889
14410
7966
60844
64118
45359
44617
67827
11225
60348
70501
60421
25263
8845
24934
91179
1808
74858
9653
43257
63001
59841
95215
6762
55919
61381
77691
50069
89900
51881
45951
10627
19410
47937
18691
28551
4079
9769
7027
9522
63420
23811
15352
22665
17213
51066
6182
46132
41803
13631
7521
15398
40334
35156
64287
83114
77289
34595
14430
18406
68687
66326
53375
92459
63734
14007
67913
24780
4843
12585
56383
27510
69426
62770
34592
55231
34382
60008
42633
8592
92888
86555
65876
47159
62070
25306
16492
49515
14479
17626
32595
66416
98678
56769
56164
13501
64941
15753
93138
32561
21335
77034
49598
96979
29057
21374
66434
53567
8047
47717
23634
20058
28733
29319
87914
88552
60000
43454
66002
36459
9229
6239
23854
77730
29826
38823
28770
29100
97468
89468
16021
1809
88577
66648
68443
11196
17510
49020
40702
40732
96098
22073
66900
3075
21285
2585
89872
168
69761
9219
85696
8246
18193
39705
35109
80019
63729
67655
21658
65248
14684
99239
33811
43231
10405
53879
2005
45714
52827
15673
54853
34741
5551
68193
49839
84772
20642
74624
59953
54181
45155
88891
38256
72552
87419
842
37347
95207
83196
846
72584
92076
43786
93869
31192
72917
67934
44319
74912
50715
32415
19868
20160
66718
25674
60306
1049
64657
71330
38382
59195
24702
23496
92754
61262
35367
89023
44720
71069
97772
87041
4768
72519
88934
91204
86773
25528
13960
43695
85409
46280
83018
8129
64770
31148
6565
50530
81473
48694
20739
3756
67363
49498
55892
76866
15327
42281
84364
31000
17720
69379
26316
37219
42989
76543
47428
39585
12698
87556
10004
25880
89310
29199
31524
3770
81042
14572
68786
99055
43844
28503
25174
202
45790
13280
32530
58641
19531
19644
51906
63384
35495
3783
33973
9456
95585
64526
45883
25683
44181
54177
2834
3321
54280
99477
25195
54594
18571
3457
19753
5290
45482
49432
53128
51232
37276
67309
7321
95930
5991
38929
70239
59038
64178
12821
81726
92688
41276
32569
25932
77270
38228
19236
4603
527
94440
29678
540
86954
28907
70252
1799
28560
27061
37360
90058
90220
8169
11668
46861
21405
22594
86693
20786
94271
5499
23548
19078
3667
35431
75874
16615
53060
80706
88966
17340
23490
56930
94506
38425
96142
12835
74161
98636
87759
7203
78191
77672
55373
57334
15479
49814
69693
28023
77926
33480
56165
91940
86328
61369
34428
89906
65092
28417
78263
97495
74259
78082
53123
67204
38161
80560
52978
37369
43252
32495
25660
65677
4486
24536
37266
42211
3435
65548
97428
81429
37126
80475
63783
56556
14928
30334
87064
76510
36191
75390
42877
32365
72735
28755
16205
18598
57775
42915
90942
49045
99152
62450
16680
11811
57139
60000
68311
17602
11624
99048
70560
50210
39577
96705
42766
52977
33544
38253
89709
41693
83505
94747
10589
34792
85811
33256
47614
24193
22403
85766
77977
14715
84324
86832
79459
25562
35462
65045
50224
80279
83866
62246
77304
38203
54131
94550
56932
76991
9147
72262
27848
89899
16209
8955
39964
76083
90398
8182
22995
63127
91252
41074
44019
84898
15421
11121
70795
40139
47996
19353
28930
48983
26768
16297
45894
63090
37048
85436
65316
3145
14415
92212
34280
48320
26443
74337
60143
95124
69651
28985
25464
58831
40099
99103
64598
78471
38305
8447
96570
36856
29385
11577
60638
74915
92708
63295
43127
75259
23739
97617
43767
21417
72726
18102
23565
88660
96915
73050
77569
68266
21193
75816
76101
50757
38426
95817
59471
98597
29868
42107
95847
81745
77731
88944
64742
60320
87687
99460
48840
83209
76555
6302
28655
46323
65636
14299
26756
71699
47128
22848
19711
6136
31268
25772
30337
94615
17071
96816
53083
84708
93929
52043
5838
58696
16463
22067
26396
16110
15027
48846
30297
83681
69984
55627
36035
33393
64764
3277
48512
33514
73273
55106
93203
33516
15228
5180
23115
32920
2810
46207
13374
20845
40617
32527
87923
80418
62165
69794
71730
26434
13064
39331
94688
2120
62067
83517
20544
84495
25350
90324
62257
18563
70916
27111
94511
24710
56566
5183
73948
26344
71958
34906
48947
27157
89057
28932
32252
22362
84715
30189
81214
56193
61373
78817
11921
63148
83310
11405
55417
10877
15717
63887
15363
85821
11610
29144
81074
50629
76510
15131
35179
57088
24109
31451
51061
76422
77493
75354
87210
82879
63971
4683
17418
64387
70622
3373
32554
48533
60395
44203
49847
10684
199
73354
98748
22735
11173
8512
55485
52799
69386
7524
37376
50744
29522
44898
17312
17356
26386
84656
25229
71359
59211
39976
42843
43069
56061
18828
58423
2826
93791
71501
6611
93359
2629
44959
94617
83943
14562
19337
4204
59827
11923
95024
89294
70135
87350
2739
62846
25415
13828
94260
15814
14544
42866
75419
26990
87782
66265
73267
13111
13783
9391
32301
11700
29452
98299
19161
13703
314
83551
63926
14628
71901
11491
56564
12862
28677
67924
53583
25483
4462
56469
31484
81832
76553
90697
33019
79051
58417
93021
20012
41177
79946
24774
429
59722
29727
17310
69356
67149
34800
95262
6054
57060
56524
68686
26342
69095
55314
77451
1858
52084
27846
12926
66640
10848
36958
72880
12524
76489
50099
11865
47744
93190
80093
98734
57674
15212
59713
48012
45786
994
4955
12629
79214
82797
36480
64984
52513
63533
61075
53915
41865
75374
27162
98591
46033
95331
2071
87531
89117
514
30804
22351
67236
53119
40135
44461
46314
98014
30973
33190
45235
76035
38181
52374
78233
28765
31548
1669
86980
2675
6928
75064
57082
48519
22355
56977
32554
87413
97062
30359
1825
74545
51036
78627
6276
40631
27519
42284
30895
7320
20132
44765
48103
72268
21261
94377
63448
34183
79631
59620
67622
21971
83079
63296
79753
84584
44047
71317
87662
42354
37866
20243
45052
30441
30682
41625
6366
49425
59596
62793
9621
96113
3080
52070
36560
31003
34583
18647
70126
52498
81084
42089
30672
89534
62973
66108
49841
72035
92682
19485
59051
28184
54914
83474
88757
65197
49740
81352
21103
14291
29109
3042
67416
94438
76129
79657
32492
12139
59949
30601
57054
97155
6768
34381
32847
86611
66821
70763
39187
53488
87653
95164
66864
48122
27379
73258
37412
7596
80406
3671
89038
1466
34243
31166
1333
62783
80268
53253
56362
26051
78162
7477
4729
62681
56552
23028
78063
50696
12589
51419
2325
97222
29029
97478
76290
53615
90689
88086
37311
81914
31592
67169
13078
97532
61159
80592
67902
28053
81973
14677
30447
77785
13116
44442
58826
54007
84619
68737
67308
96551
54577
2085
9518
87449
50834
86831
27338
76638
47400
78570
23157
80615
52916
39171
67949
94068
86968
62454
58612
83449
4611
90596
39945
54097
92064
64122
21125
20292
53946
75747
13395
35804
50586
44407
34747
44850
7331
22031
84983
17008
62657
51793
92991
35713
49939
64036
13418
50519
11181
5099
87719
55246
86627
36033
84556
30453
32486
23859
5922
66363
26935
54556
59970
23299
69080
12537
85052
18499
29276
55835
37481
35818
86601
46277
57690
93403
70957
24619
64470
83128
43986
27172
48021
91402
85095
90597
67592
57911
97482
11191
55747
5152
85076
81670
13875
86338
7948
14271
57736
27650
60021
98657
79130
69461
24395
35016
39504
41714
57500
70424
25291
70677
73157
45172
16124
44694
81589
45574
85235
57813
64691
48233
83662
89003
22436
31974
218
8751
19573
45141
60811
23273
43962
10731
5207
48499
86692
6595
46856
6328
55181
33483
33836
72603
96810
81456
74316
14969
5998
91536
46612
12415
32499
23909
43628
58999
41759
30851
89316
30312
79265
87026
81883
56023
26333
30175
28587
68370
14922
1587
90223
69703
53039
36854
15380
99687
40502
96571
94548
62337
77006
16253
16806
70629
91790
78790
70664
364
56900
39251
42146
27817
23416
61072
25975
57167
69283
73041
20042
93046
64425
21649
47186
77868
60812
27023
7635
81685
80684
42402
43533
11170
78429
82388
95995
64204
2558
54529
53954
34532
55458
3536
6345
39459
63352
28445
73854
13268
50887
12814
5049
53497
41014
49875
84403
30062
94390
63286
54104
60732
22962
54806
96941
15471
9383
26966
66460
55761
75090
20201
36317
9123
50233
27420
90248
64759
7928
36520
75678
43670
39381
1148
39493
37205
31383
28910
26668
13936
80098
36162
91466
86774
22993
10998
1098
37892
67951
51708
59801
93125
91061
12568
63562
38761
55722
21405
67365
69323
79881
62513
64651
15364
83218
9410
60655
99199
71101
84706
60495
11659
66550
75292
48662
44946
34264
39206
13921
10120
68931
71522
95465
85373
53115
95544
12472
53910
47274
47466
10687
56687
48574
84858
14552
17369
32754
49117
20147
44602
99823
65122
89594
60148
69838
94790
17806
50386
46115
16705
77767
38957
50602
44874
13586
12182
9502
6198
10604
57520
2424
91810
14733
34591
56013
3138
51251
93692
66574
72261
59131
37516
68273
17538
75705
83269
74541
10360
44186
73993
28531
46575
8821
85502
18693
61459
10394
25496
37133
89722
20144
17069
43883
29587
64336
6581
26985
12743
46553
50974
41708
7168
66523
38437
84601
57648
37136
8287
84400
44337
75671
43688
62494
20165
51757
26381
31821
52678
9663
35972
11797
59599
34977
86557
87428
98560
69300
22540
27343
17229
85295
31089
26858
17808
42414
85859
88665
84439
84052
47535
1599
96728
78787
68979
94390
57618
62028
27667
87540
52598
39643
4098
81981
88767
69221
94488
37274
62947
74392
86117
68910
81941
14072
34399
72690
36566
19357
5485
64854
82912
16448
13358
36735
27188
25608
45717
97759
63888
72176
82001
96201
19725
40330
85851
96698
66972
69504
32126
53790
92979
53678
14992
9092
70904
17584
40402
82552
69863
28454
74023
5050
25448
74739
71680
59644
80263
56286
45096
50200
79781
58913
2461
10137
51402
89067
74066
10101
49640
65933
60919
3351
52400
99967
10977
80078
57341
36990
67578
29078
70461
3127
2146
2508
53757
40747
11258
9753
61290
96012
35148
20459
83997
16867
31612
89234
48149
82172
90729
33221
12607
90635
8166
56668
72015
96703
82386
11696
21463
61505
19001
21881
84464
19500
77630
67964
79912
46443
24918
71838
3851
42162
19274
61643
83790
68968
28812
93476
96950
4862
58499
61576
26321
1487
11347
88736
33329
50271
35629
10250
34681
14795
14717
19631
70086
11718
52913
50734
68386
65925
97140
64842
25938
55811
36940
21899
39116
41847
34102
58032
63687
11230
4648
24846
24334
17104
50470
29530
56688
97465
93590
29644
87580
81813
10347
37232
96939
10369
15904
90839
59339
596
35809
44949
54468
19838
56216
11013
38793
34136
96672
86645
62346
26551
89231
25770
5083
2311
98829
64814
78529
35132
89551
64065
75523
33539
3551
22398
79522
8237
2981
35206
99367
97995
23282
79250
59219
42298
51094
1540
72966
19298
87662
4741
82313
5310
56639
14615
33652
99017
3592
66927
16599
48496
25316
89146
52049
83259
40976
75941
76359
24361
10232
75436
31562
10558
85656
89357
96738
93910
30872
9085
59567
46477
57973
95289
68244
8561
14441
7000
28336
53659
26746
77083
1417
62706
11681
59246
23369
48015
37483
85519
31569
26069
39579
68469
7103
52849
74355
70263
28139
5433
73388
3914
10733
74905
12928
9688
6362
16133
9420
81020
34227
94017
50652
29646
19521
72949
92521
24173
33095
58332
76948
84142
61328
35147
99050
36911
9633
2795
66154
75248
36888
922
72916
52808
98892
22473
49071
54535
76938
94150
97574
75811
99770
13678
43792
49931
71051
81347
91898
35238
90886
81313
94158
60274
67418
25845
39405
51353
12078
86080
9561
98920
16867
68701
76469
21120
56358
7569
4572
42193
63613
78007
6611
87664
14241
73410
30045
82539
52918
61159
62826
34451
84072
40678
32090
97965
52204
25792
2463
4010
83199
60922
11946
40495
77736
36781
96188
61644
99427
31807
59421
50846
28827
88464
70940
5649
76681
4184
38064
90245
23596
53140
97244
90112
98081
43552
48352
69802
82983
56561
78779
91627
69945
33236
82280
83708
51603
57468
55296
45326
46683
30539
87684
69455
81679
33203
949
57168
7380
41647
84224
30862
1124
46981
69671
25364
50771
12904
49466
55223
51678
25117
60547
70094
15215
50041
85836
17445
48850
36358
77653
51596
96127
21701
58738
32155
95275
85302
41582
60241
11711
54728
13488
48503
3924
39896
81032
85932
60064
96077
82280
80604
26
4219
18292
87758
16747
76757
37316
55949
80834
87260
80074
36334
42498
7210
3602
57380
3766
52301
38487
63580
75037
30223
99966
13723
14638
94239
356
63788
45695
28898
48298
21478
2512
87912
776
99794
94728
84374
51888
83302
76037
80584
14778
5269
43781
89140
95868
40701
50355
23013
21176
22205
13470
85254
55155
3190
51372
46744
18801
82655
27623
91473
23692
74213
95333
20673
43040
3658
4622
9303
56088
82067
33782
53204
81105
86661
99538
22309
20614
24044
25502
64752
8732
28013
15827
37344
39201
54276
38493
2952
43061
83962
5564
11925
73080
82408
63372
39801
19408
99939
88265
27340
35238
62688
37158
51204
98227
40030
73988
76683
3415
17284
71095
62347
77057
26088
84789
93354
51771
28505
13622
53153
18103
30060
92230
84893
17001
32568
21274
67296
98508
41946
13152
78363
33869
95089
4361
71306
85213
89882
2837
86756
91769
94654
44949
40074
60067
21357
31166
37890
1367
10707
3915
16842
76103
29920
75759
20285
46871
37597
50689
28993
20555
75186
53321
70373
70767
4495
44846
23520
20201
11927
43546
69442
88319
3016
98075
62463
95480
79950
98898
23897
19132
92312
86211
54389
10052
41146
91573
32353
44648
54681
47741
21966
1458
30147
61462
27146
42802
49491
8890
33834
68896
82669
78959
93174
26998
41173
34741
74355
88383
98427
54413
39932
6017
63147
2648
96167
85056
69697
14283
59626
77296
5617
89892
73924
83441
26988
69921
66572
47048
5370
5207
83646
72392
32164
77202
25078
70640
11638
33398
29633
73477
63276
45609
65782
14751
91128
9257
24366
38195
56740
27459
62342
60032
12741
76496
41061
71457
53373
1696
25406
85065
60227
41218
80686
49827
24336
7991
7579
23389
14711
73047
11371
75808
78429
75464
32866
2789
81260
11452
83633
93704
14873
37224
75709
74455
60993
31493
93843
53522
52393
22569
43920
40819
55715
7572
91138
44981
49130
80095
12862
44913
73781
75501
3376
7523
79277
7902
52134
75688
93752
41222
31134
98599
53664
45966
24737
41322
63599
64776
18567
62905
76260
94687
58433
19622
98769
76411
69183
24018
68115
21850
96246
70244
65132
92377
79796
16954
93243
38824
76815
97116
30424
50645
57725
99892
38140
78154
89840
13024
98119
81555
52576
82428
87942
41622
70693
38469
16625
91815
75989
47119
87323
46955
61555
17408
85990
82745
6018
58324
36573
45014
10385
14368
90887
34536
21718
5729
60081
40214
2436
84664
45414
1026
55754
15159
44489
96330
11298
25558
35753
39420
9773
67587
27923
49959
31039
45970
44727
72515
82906
24499
88207
30999
11615
77897
62087
15364
81323
35681
95952
43592
87786
34825
71670
40517
40311
5998
8599
98135
79277
17270
70907
56663
7488
85483
4015
92822
90588
6833
51478
68100
15494
51477
33491
69628
33192
57976
48120
25635
99308
53457
4625
21703
68334
9754
75420
52811
7060
77777
99171
48564
56295
77195
16248
46401
12995
87864
13129
74037
68813
96226
52773
95678
60096
60229
27175
31169
76289
36053
4154
70414
89994
89136
45007
11012
51304
21319
43950
11101
12096
69858
40715
28805
61135
81203
75568
1504
86697
23937
14814
50002
16092
20985
8413
79550
42527
87814
31254
2251
45179
83689
21577
34276
66467
58851
68803
12817
41419
65213
15605
35387
99272
51191
58250
66181
81406
93425
71003
75197
94116
48490
39407
57774
70382
35854
40825
46106
68201
85743
36522
28558
47780
82447
44803
89461
28165
64157
31418
35719
62684
24206
56080
63960
17947
50881
28232
57216
53275
77805
6383
10937
35729
87467
92473
33515
59212
2234
97461
56171
78612
37792
54911
54298
17108
55770
96808
75413
38069
3521
27047
32474
48160
65169
75926
6166
74744
57859
57941
98006
80548
16126
9446
4097
1619
98361
84711
1285
72081
73780
47218
68572
65381
74763
91432
88867
61549
12691
46126
66092
12960
88556
87827
89984
94001
50319
67383
14764
93375
14379
34499
13352
34420
93043
39213
40082
53503
78683
95611
10647
98768
37577
49916
22642
12573
50709
43966
93823
31482
23269
39863
69767
540
43059
26034
97445
63882
4553
78561
13710
32672
12530
15445
62324
50021
59325
58437
55961
43950
4511
96821
48489
74077
24767
19895
84614
48394
10987
13055
34924
41949
79720
58599
17153
92416
32986
14211
13101
66113
97394
18487
21815
9028
43531
88125
5925
77575
41208
44525
58692
73275
27332
2083
38662
42137
6862
3951
63537
86434
31706
96463
35885
89819
47997
62242
12999
68820
98219
24648
8639
74965
9179
43691
42750
51611
64007
11008
30980
48324
10863
80202
23123
45616
79580
60666
3160
97001
30607
12587
98130
29867
55977
84904
81633
15062
2156
96947
76227
87178
91371
2637
57702
31821
16219
54349
15680
81838
27173
16147
39454
77898
79259
61166
12017
61115
29277
30701
851
5168
94554
49746
42749
28032
19009
70819
10489
98660
1063
85884
43118
55738
48215
10433
73460
81126
90540
45265
156
97886
9329
13197
72179
37873
89579
27629
49468
9811
91908
57007
77830
76876
59116
57590
58563
64156
91551
4445
58207
24170
62562
93650
21245
71025
7111
37781
21554
17653
10957
61041
89254
98295
63346
51949
88549
47994
7041
78955
33690
12432
58535
8481
54794
64569
52825
12496
92214
41591
9333
13203
41150
26473
94261
98400
63798
27327
18812
82043
10979
93976
6008
61794
22114
96546
78429
60235
96061
36323
90699
54727
85780
83392
19556
2897
57235
13934
7495
39462
66971
57153
57310
91374
21917
79811
34808
87289
17158
30265
95063
17133
21410
96115
99793
2944
68534
16686
11786
64686
58584
31721
30207
43015
87790
21814
23237
46194
94674
52765
31719
99260
62037
80498
11824
33916
73447
35480
63875
33038
58636
65375
57239
62724
25215
3362
98912
62007
28705
67958
18789
40300
16821
63243
16597
51241
79043
68446
4934
70238
19961
82145
98391
52630
27319
79244
31170
13982
46115
45434
8970
54220
5817
39338
82702
99231
78423
13317
19573
40443
99366
96493
60057
73507
64526
85953
87396
19535
44792
77182
79710
3639
66293
83971
55353
33772
30651
37445
46709
88005
48396
88537
7515
61416
63597
30409
30800
29502
53109
77603
20906
13257
96145
37084
74614
76420
97395
89242
28070
29362
90374
59898
97293
8919
65254
96185
39409
60392
26333
10357
89222
93468
90978
67429
15746
39635
48051
63263
62769
62438
90645
26489
71298
92018
96426
53473
68299
91980
55305
54477
38632
85914
41136
97475
80879
3272
82343
99454
23799
71444
61249
83580
55183
35902
40952
44524
43853
15498
27123
20742
59213
69453
69961
11718
69907
3790
77041
28279
31817
6881
14297
63187
4028
5878
74555
67161
99166
27302
27543
25197
54097
61153
75237
16037
41499
65352
45902
46960
28312
59460
70517
60008
60681
87562
24425
44311
61426
23168
92500
96120
56956
64887
1984
4843
7287
70832
22290
71021
37968
96712
98599
76928
32323
6889
66145
20362
84052
86581
53731
34883
66235
43621
40349
24350
99810
7421
58400
15219
41618
94670
97242
69920
32873
72477
80185
96602
33428
44842
89302
54244
89923
70397
11697
67681
50102
57557
8650
73275
41538
81968
117
24904
97677
57282
37882
68329
19137
35601
41110
79803
66801
53763
6952
24954
28275
16630
27330
7017
33468
81489
53796
1203
13494
93306
27307
1545
6304
52193
72128
79468
54830
72945
70956
99202
85611
84918
38414
73237
87891
65293
46552
65202
46438
87612
94608
72756
83633
81674
73884
80796
98204
1760
28941
88996
14308
99378
64420
75185
18836
78212
10046
82910
3459
66029
4913
22860
32832
76210
31652
4694
80205
96071
36484
74516
25922
19494
94223
56951
61312
25413
82493
54061
81146
16555
95155
40415
13736
69046
54351
88028
41838
11248
54506
22261
42104
72800
35125
50161
37335
79536
94653
39075
35815
88299
51983
420
8049
54259
5968
95737
70949
8137
69989
56924
87793
86925
70757
90523
39443
22446
93639
83495
6528
959
14325
51428
69665
42199
56791
21745
56648
28877
47092
55020
79047
45838
85301
38330
28016
83358
7616
14602
32290
61549
66340
66916
25118
87236
86764
77925
99356
12929
71636
94728
51602
80526
93616
26036
3588
37891
1934
68085
9660
93102
84436
36741
52296
18092
42730
31363
76655
45825
38327
54925
73945
65383
26325
67178
65176
7781
86209
69882
94661
82468
82406
25494
88783
64402
51249
81922
5727
24731
62995
35660
21916
50373
22259
30661
64907
1853
31682
85687
70377
68254
21351
10609
88243
4367
312
46149
63285
33721
97475
38071
15102
7174
17375
87278
20045
31022
49096
39453
89991
10276
13539
51366
24131
18143
64866
72802
60804
90431
41360
26697
19626
68085
66430
74403
65386
1841
51784
42359
51730
59606
28743
80107
61449
74640
91715
41886
12147
37171
51311
2985
89347
62967
97265
30960
89624
42785
98555
38178
73856
65527
39030
28805
60753
9030
33438
36492
91327
19099
36932
41025
12469
55835
79482
72073
68472
60940
76923
88449
52577
13340
53528
96270
8925
41991
49482
26367
31213
14391
68036
82354
1675
50445
58665
48491
28151
93486
75282
93649
16623
45371
14754
52929
24288
11898
93111
26995
72665
39189
39413
62556
76796
45720
57565
24807
37840
50495
15236
60076
8378
2312
58260
51177
10661
9692
10114
70638
21513
57114
98692
29914
70762
25768
28152
78521
2947
92702
54879
79923
6872
13884
54611
47735
13442
26632
12683
39752
37234
78045
68795
41250
1882
38631
9392
6893
31798
43448
81508
71808
76399
55883
62473
20499
32523
64989
18076
87052
93993
18618
82714
13599
70428
90785
11396
62641
17062
51592
65712
41303
88760
46805
70776
94884
32786
59704
26112
3752
63492
39703
74912
52349
32883
40886
43688
83743
73824
77680
33495
39691
69540
57058
980
39276
38056
98705
56482
84008
16012
81069
76917
35117
3107
76137
99486
59216
15417
38690
86748
31398
85809
1170
71079
91393
25626
51675
21646
303
58462
58614
87932
44765
70646
13485
2978
8694
44827
22134
18515
45277
57422
40174
29242
84379
61908
71
5619
51637
56664
27502
76780
97559
58541
2934
64195
95626
76781
95890
1317
64061
25200
21698
11907
22956
91954
31721
49817
16927
12143
62800
47027
74588
68777
85887
94807
36263
15971
8367
29275
62547
78767
92282
34068
3645
28193
79797
49487
76058
41217
53727
14661
60676
27920
6986
64890
66871
68467
36908
60363
53330
59210
80912
57157
39687
4516
83843
81734
7200
57032
34685
58720
63203
61709
373
5572
97433
34126
89420
56358
80415
36407
73296
77944
51296
92603
20101
88627
37401
31139
63084
85491
91375
84350
13029
155
90813
29802
30721
30628
22678
92687
74437
92577
4363
36212
7677
47071
52769
46567
74956
60352
58425
98546
48093
73759
80966
192
93555
69516
55023
82576
94925
12068
71516
65347
90189
50719
32958
94174
82228
47739
89540
19419
71808
55312
79195
81611
54143
22067
22437
16692
38211
40593
55282
65478
26969
10678
6323
84209
84005
34355
15162
88345
90553
27941
64711
93475
14602
92733
47224
57111
22237
69014
36141
65316
63047
69435
60569
27658
97701
43338
61959
50663
518
79723
511
19173
42269
23420
64430
10888
1412
35410
96123
29650
71609
92282
70606
30723
21431
58708
81410
50677
22982
96558
76596
80488
12367
96623
4746
11554
26949
94759
44190
93389
85220
73343
63466
19552
76004
4192
6551
20628
41973
23687
91841
10642
6299
33547
7547
56441
29653
16323
69943
79148
80263
33387
68277
19349
81890
47177
17748
13699
79748
16303
78684
15045
67015
97085
76842
61852
81618
53528
35335
64473
7794
28029
8003
51969
53479
34777
49537
92754
4672
92099
97949
78271
21678
1954
82474
70537
2103
64964
953
25414
64342
28907
44831
24593
88825
16499
7949
32527
53185
68535
87745
94033
75437
6020
4356
15311
45067
5882
94145
15257
41224
22185
99054
21000
50314
95073
48597
10743
54377
50226
26836
74588
86613
53136
46007
81100
41526
81928
59208
15833
51826
69291
28296
36872
56927
42987
99702
95444
5117
58227
49488
86272
87636
10472
40075
45287
17729
88634
76424
46286
96697
8281
94308
12203
19449
67603
44142
37589
98475
56365
51068
41775
27231
17131
28791
71241
4564
46924
11272
40858
64310
64884
6403
34180
64543
78466
99691
69455
79563
98127
72311
24680
25535
79062
4944
16528
63562
66902
23146
31004
55828
68109
99358
96106
17939
15875
57850
96862
73130
70559
97646
82120
78838
85549
82921
45113
66547
75638
19405
15699
57636
26411
66322
6671
30229
50175
70538
90465
84105
82130
40598
83279
29118
66710
8325
90748
92928
21004
39511
74342
74797
93372
27846
87228
59865
61236
54733
24693
60580
11726
31930
42918
77219
68212
22039
91690
68677
66498
1388
64682
44332
97706
5965
22832
39924
3151
10335
19842
68007
70720
10920
74993
17849
89357
99350
30154
76955
48833
7548
20133
86939
3251
7867
73177
66663
57112
56491
72129
1305
17330
70672
33243
68990
86689
89121
20057
73356
60273
33298
90275
25668
81800
83796
27449
57612
77662
85538
97628
88468
1019
4544
34937
49518
14819
2932
37443
6856
97418
21880
22089
62492
27530
46099
50858
67090
72391
30861
78906
56602
81982
76934
88736
60582
18295
39399
58863
19332
35743
93591
12378
91189
99958
27781
47521
64045
21141
35583
92946
75871
2594
54176
21503
57127
59279
86326
24638
97158
40007
8335
12596
54841
73813
41204
40719
76975
13097
49606
19815
71829
92304
7001
60109
66084
51555
13426
73292
62171
37243
27970
70186
11262
70754
98288
84860
56835
55305
70582
84485
28366
278
4826
97794
17304
7713
52069
51731
48834
56055
22586
7535
36570
50989
40054
80697
16537
72543
41127
12559
97554
67195
65987
40281
76037
20119
40365
64621
16463
87651
91385
98659
64496
78634
17905
62959
7049
9783
48180
97694
22581
51664
3872
5848
92140
76088
20500
63143
11275
49867
77834
98791
23480
4628
76581
58300
94420
41096
6447
81966
86691
81568
51039
6868
43660
73575
73492
5697
41069
52267
59095
62837
12324
2614
73779
25258
21183
30092
94646
47968
265
64968
72566
76386
55908
90831
48677
1613
96918
80182
68416
61671
21083
46799
32213
9258
38781
50296
73994
16744
74523
2033
70986
20825
8628
50655
6161
69167
61899
48672
60598
24429
9658
84741
66281
15033
71357
1440
28671
78177
38896
84776
17941
91712
15170
85866
47593
83652
56493
40497
63296
80788
59964
28504
6674
19400
55198
34613
93564
51994
71785
8520
86845
76498
18545
59896
92277
12067
74004
13290
42451
88090
73000
88213
59205
81894
48006
46403
66975
57137
70765
88328
56928
56106
71990
25075
76693
67483
7867
9926
67006
70149
96898
86592
60977
37873
64828
33750
83596
17403
29031
43090
30071
20985
65065
48339
69248
78897
27997
18127
86521
73927
20750
36813
20114
6782
7426
20130
30381
12267
44380
96924
83277
85991
33763
26828
92313
17377
33946
11708
13515
72949
16674
91646
69268
18136
12424
27097
33530
9294
78358
24240
75044
99424
45822
75444
90828
66674
23017
33879
2999
17690
32812
94228
7625
88863
60714
44386
70892
24818
81799
18152
78843
29946
9348
41941
7336
56166
4129
51860
90446
92633
2315
77945
76473
62695
35045
90593
14323
35748
31125
48170
87026
25176
97956
50757
77366
55194
89104
19703
99318
81472
95865
62430
59642
43991
67202
58810
78900
28317
21237
97728
58794
83193
16781
35048
40767
48496
48270
80224
79321
53903
1265
81083
43442
85011
29774
14974
65287
58343
34069
74828
83933
26124
50198
47731
52597
74776
21302
63610
9008
81602
75190
26295
62120
35113
48515
47802
46568
75806
75024
72043
97603
4738
27589
10631
44196
32716
24907
23477
58652
56246
76772
94371
27417
48747
65098
31923
93809
64404
63906
82146
14444
52929
43839
62891
25876
49372
28060
57047
29540
49696
72805
56887
18581
8355
83825
94615
1611
614
81341
36907
33919
48615
38003
81976
55247
77170
15140
60411
91520
45883
29978
52025
90936
83205
78538
76795
398
64004
55343
56984
17166
83839
68085
84917
88934
1692
62812
13215
48376
2107
20842
58393
68303
69073
39726
71399
25755
87798
95963
3207
1448
88032
85424
77031
8751
81377
5233
41043
87108
66769
282
87189
44873
97402
19178
59247
91587
59273
93749
44100
94532
50238
23127
64450
31920
37679
49538
25202
19685
83725
54189
39443
81471
66762
66722
77098
87186
61673
44089
97596
55538
61959
23248
54858
7779
53374
55974
82237
72908
40298
28223
63471
81600
85932
16480
49519
56368
49024
21325
45141
53703
43053
27697
74655
20310
99388
27622
81370
21114
17172
14142
50527
58807
57073
18765
28260
90212
97322
2812
13330
371
2720
54383
42196
5087
72445
72366
77042
85977
8548
88916
73681
42346
61866
50496
85733
75609
39414
71851
13890
25022
72700
2379
55050
4798
11215
88651
75654
54297
56297
98297
26297
17083
79703
35296
60681
9092
65825
44781
96050
12588
37151
88213
94739
38823
21988
50213
95011
77049
12056
30533
31915
36245
34298
61026
32013
31376
71326
29886
72891
46053
77767
28401
82674
17707
38564
47786
514
30073
49734
52480
25987
30010
49034
26977
65695
60321
57347
61360
66514
5441
76145
61145
47542
29770
77939
84364
9210
8866
3739
76012
8415
68150
46158
98642
14468
67488
7797
18484
96384
97410
43432
1946
92656
26118
78145
61990
69088
83925
54172
33779
87121
50938
47798
82273
75552
54716
19695
17039
13583
7412
54816
40471
91307
9706
47519
70388
89125
52756
81100
88348
61542
15521
85074
34675
75576
44350
31943
93596
85125
17095
13249
10216
87690
73330
26073
4883
86139
70082
34367
32899
57493
12180
20455
28563
91581
65752
56857
18826
3279
39254
85376
11397
87110
76761
58111
74985
69981
4086
81820
56341
13424
20
65956
7813
48681
40042
37890
32620
23636
89824
36467
64824
66308
2643
44557
78388
37177
59899
45985
59191
42454
64725
85161
15490
59325
63924
34546
30099
72804
77642
18901
97654
85518
15807
2299
3328
63526
49569
70444
37642
3745
66029
70229
13819
80352
50144
63296
95466
49057
13091
12049
50057
84720
15660
91228
79327
87337
76621
1668
29522
52191
25261
26817
89287
6768
12790
75223
65982
39135
88017
91023
3085
63233
31051
52386
39957
32981
75759
54952
32195
17980
69458
36851
12289
34321
37972
1716
58189
45637
9547
25737
64049
5819
27694
77540
84616
30786
4177
43577
29994
53482
19609
80658
26777
66221
5792
97455
73609
4814
27459
79025
50500
89753
28983
50905
83626
64404
72001
70607
73336
8702
31441
85222
7400
33087
69460
55115
51611
36254
41000
56731
59034
65194
11756
37130
61738
79188
17568
88489
43752
14507
62608
24735
75303
34431
3826
78216
53155
3734
69049
36797
60351
67332
36318
63812
66462
18866
61420
10228
53618
96091
88673
48752
15462
92563
46757
81931
30264
1301
54194
5104
94671
89010
80279
70259
63400
74724
42514
69255
10348
90689
65958
52563
99857
32387
4428
55010
13863
83377
85503
52908
31815
66367
53426
12843
19048
31796
45165
97382
71731
51866
68398
22218
3680
81289
59428
86079
82093
5776
42777
77208
84062
96815
71771
27375
72439
34627
21756
26638
74372
45959
97211
85872
51387
79655
74389
52996
6682
1283
3684
95898
61014
18077
25316
44966
74371
77292
46709
87372
7853
92014
68251
12655
21283
69683
37762
78051
81701
61075
76373
82961
49550
66948
18484
29633
35105
7912
82243
24709
26436
19004
79552
97022
40080
49384
56187
42056
50551
6403
65024
95377
98904
44876
25400
38440
5661
31491
22444
77014
94701
13368
13075
95283
82280
10078
81959
74861
39164
29213
38650
87850
59005
23512
83532
36149
54128
72499
67867
78669
26569
6607
17506
72164
72518
56864
99257
39418
28017
57043
98180
94141
52739
2369
20955
3590
12665
9620
96229
65342
46348
75078
36717
75678
30950
9915
56387
13536
2019
3361
74868
99476
59767
37682
35404
26992
17117
94818
93707
16522
31200
3608
77665
23454
13838
85448
55300
13266
3568
91395
1963
18952
98413
35065
89615
90388
58654
92372
7285
11837
12874
63345
89271
12101
32383
16129
40624
67293
90810
11309
89569
58800
33157
6836
60543
37626
75111
73281
53692
89637
21425
31208
90751
26782
67589
7363
87889
89818
12782
9097
8518
95580
14826
64001
46037
5715
8229
29346
28041
24799
43625
97955
50126
33330
29887
6485
49831
90031
12555
21655
47897
72654
97252
21531
92674
40204
47072
38452
10467
20639
36491
63088
20732
39488
32084
20899
20211
39941
95514
88080
74993
69545
35881
15102
92566
2677
86125
15848
16937
12962
816
91324
86173
28355
3952
43705
35699
93374
22152
75418
71380
90502
93623
91396
45215
70300
14774
5108
9873
24204
24712
28829
41048
38413
2621
98207
99731
22022
73171
14820
76854
59055
48297
75953
63197
78073
8918
9239
68164
52502
17183
94069
69354
79073
98904
58591
45332
54370
90683
22767
69400
76175
20873
34201
10245
90915
91346
71230
80736
12789
6449
42868
92056
12453
78185
24025
83095
1349
20724
30023
46367
89362
34973
84549
807
80151
42549
4286
62150
93604
37153
79762
99186
23631
64521
98066
32177
13647
68685
93941
8186
83668
75888
46938
43537
64138
38001
9598
35424
41658
50597
32172
70700
11487
99021
36675
16274
25536
32823
12983
20243
57654
33350
94901
33358
18531
92362
67347
87196
31968
92807
33703
82940
19151
39772
28671
21927
78906
95087
89075
15590
45156
8982
31960
88180
55927
9978
90223
87272
7265
41561
77576
64456
33706
30711
55371
26825
1190
30806
18405
6814
63004
29153
33625
79630
47263
5812
42261
55711
86727
18469
4722
23387
26153
76290
85276
2827
64124
88342
51889
37393
85529
34558
22550
68276
39957
77454
15816
28153
47937
25164
22433
60745
64025
77369
43079
67430
41077
85533
36819
1161
93742
91868
6311
11284
57851
38370
22162
39439
65584
35840
77387
16060
51588
71439
15892
76446
50441
41541
89819
76638
31413
25221
77668
13943
12380
39548
35017
45777
89649
10544
6617
61619
4874
49872
65153
30677
62889
79167
55144
24871
68688
13862
49774
49838
38113
83216
9925
92244
69895
21870
41167
6241
89102
14150
34866
63528
18010
56978
87114
88046
64757
79182
80890
97732
87903
7253
60964
52321
57646
54776
70250
72185
875
96649
70537
45572
92273
4434
57546
7282
64618
47820
76039
28730
98093
15890
99561
56558
18533
16147
61139
20991
71949
613
7098
82071
59471
46886
59384
77263
87871
31578
94332
80799
6560
67687
1511
21899
89315
97376
93893
66275
27748
73709
36627
43530
62250
31499
35899
88112
53286
85631
50198
14277
82813
9906
25902
50827
78345
75243
45641
68884
74439
50611
75926
45116
64370
87078
25909
18794
29541
47672
84512
15744
60682
28494
47340
48995
15896
29980
44303
48812
82293
48574
51069
84427
64757
58092
6982
96941
12290
45294
71344
64646
8540
33382
28210
94168
39367
97221
36671
5045
74073
57028
9884
45299
22829
2914
71767
32276
12436
51558
34140
86476
5396
98969
48855
25556
18192
53409
84985
77621
11059
63340
55362
61803
63619
37917
22110
97110
96570
93122
95897
86784
27776
80489
1932
63808
94273
65349
20229
5070
79586
80037
37239
47545
92978
8511
32431
4548
42815
66534
87594
41312
31653
57664
94443
84240
74987
80895
67167
52234
9128
10835
97282
68753
67258
15189
37954
37222
72112
89422
65757
29466
99654
5259
25236
13401
31330
28765
93682
7341
83242
2126
73187
34434
34390
29584
58003
30309
68811
12731
16743
58906
57706
59067
30382
93790
71803
66550
45031
83906
73644
98745
755
3440
91238
1571
3409
55756
4112
35162
17775
88540
64791
91839
63980
86017
8516
80741
54822
12830
76737
50964
58087
4109
81004
60921
18463
78595
37085
726
50594
92406
64023
64480
56035
40674
97512
48877
8275
75255
44254
4221
15419
26648
6548
44121
9643
46412
79016
11641
79820
46303
92866
14462
15699
67537
52846
45622
98959
19147
81020
86028
36859
61645
3067
94820
9772
75502
31644
71522
599
28086
6833
57419
17959
3905
36447
53406
44092
26247
81963
24827
43448
72307
43934
56066
50695
9309
24953
38652
82502
31602
77122
46948
72600
70433
57997
8609
71671
94516
62110
46000
95828
33588
3049
66874
88354
63368
7154
18003
57413
55265
72378
43316
68595
2111
64189
49479
62344
17247
19148
59745
83914
48149
9614
16866
66480
84116
93988
95662
80078
14687
99242
41693
5901
27776
85725
86197
73357
6360
42871
70430
14915
56172
82761
30977
16958
67093
64109
85095
88149
56122
17047
46011
85560
6613
69051
8056
13740
99188
85314
57420
90347
4850
61496
97929
78675
62091
27950
13066
70585
62619
90836
13221
3374
21107
53495
18281
2988
82339
1025
50137
66266
9577
54623
74320
62148
98233
88011
91680
416
97256
75002
50017
93015
55514
59437
73623
13563
32575
31426
40516
6826
96110
14245
49043
36036
38714
93828
70977
46552
85758
96914
64434
25570
50027
62196
13055
21093
50393
98018
7355
58000
77377
58929
15248
63490
8062
67071
44451
22522
11372
61964
97733
76333
69810
40605
47663
14073
18045
77385
3458
67240
8991
79054
68314
75006
72497
43404
62760
73797
14901
65704
89952
85744
22082
30589
71914
62247
32859
42393
73906
10412
12603
50629
20071
43312
54562
67035
86176
28053
70730
6207
25166
40129
24084
85734
34031
14572
43050
91239
8658
19455
23217
76130
89497
15136
50398
95459
20315
66707
70176
20463
9224
43936
6073
51326
24090
62061
86833
7202
74007
70031
32408
19732
59523
83670
12453
34254
65249
11478
40308
85513
79352
60371
97271
89649
44885
17665
20820
70212
88892
61298
9637
72506
5181
99908
96173
15691
5716
67212
92258
38756
46618
44858
62685
1891
76013
5604
75480
89021
2040
51842
7942
17367
53568
10387
91766
9269
52018
91601
25097
37574
35757
86304
54844
49140
67477
67986
99208
23543
55244
84152
61997
97496
46715
39532
64572
42155
86205
24092
7305
16417
76846
81645
69355
7426
26257
59117
51336
66683
74977
33902
54974
8766
31326
78266
94629
73344
55159
84694
53097
73091
79726
76199
80612
62196
91572
36110
18735
84572
24865
67057
67373
86693
80293
35557
24574
54641
46268
89196
92418
12236
67031
5190
29749
55949
90749
78444
61363
56672
31938
52927
46235
85254
9175
12803
22316
88554
89943
74051
71085
44080
16874
88722
169
88447
55914
77669
69895
90225
2889
60438
82252
67721
43535
13886
55224
86612
2777
22362
47488
53658
56248
68967
83056
27410
93919
31723
59424
51424
78052
5277
47698
99019
13311
56822
69978
18257
38660
63713
23660
56770
22915
65245
47423
37310
33226
99642
49348
59514
68494
85778
49834
30552
44290
17846
15625
8987
38117
41738
47053
56385
55665
92363
63722
46727
94279
81620
21744
84783
99836
89406
96506
42285
59300
36651
22534
69192
61147
65207
86826
94305
91798
5250
37340
74903
38134
41841
85901
98290
61491
39916
25570
17820
57798
75239
3374
13112
13570
82707
80647
18127
89998
49744
14951
953
34459
7895
80592
75225
65370
4936
33549
34110
37550
85378
49058
54575
23934
82614
8646
87192
78970
22495
96454
43014
27020
72982
34069
32053
56773
57615
64908
81923
82204
96999
83815
22703
71541
44522
37722
38744
64522
5023
95287
1792
9652
39117
50132
30668
36864
14210
78004
75782
76048
69221
80364
41870
13484
76174
90358
57411
10237
97647
93789
57741
93498
78453
15317
35301
72513
22347
91616
24350
62523
48597
21118
10123
38051
27571
36876
69554
15634
43702
224
71734
61041
71362
17258
41576
82172
70066
20561
7813
18369
38406
52782
85694
42369
4102
9946
51438
98429
31605
60034
99266
25169
91342
33449
28728
59779
32273
13588
24425
4513
24183
79896
93149
57848
49330
71336
13803
70041
13754
27032
37758
22634
86819
87287
98888
69568
3416
85520
88071
66083
61005
8536
4500
77317
9934
86343
80213
21136
55149
76039
22522
72377
62567
60563
41207
28976
42258
76556
36073
73319
42321
75001
79367
42485
71145
85661
62975
14368
22445
44152
14710
70554
78804
69982
18311
59975
34967
84341
17450
79957
98454
45045
76704
41875
72658
39929
25538
31781
28296
88358
87923
1469
50350
16702
81442
41467
31059
94426
49516
29919
55289
27067
30276
58082
22964
1641
4825
72077
20091
47559
19109
35254
55109
78361
69038
98474
2316
56331
22219
51241
23081
22142
82626
8177
69557
26232
63026
56731
36933
12852
52614
3354
89996
70326
21366
46203
47653
1703
79502
34708
79380
78422
83985
87271
38368
69964
79872
69654
30468
47195
80424
42790
25575
37565
81074
92836
90530
75414
21896
71447
20151
69859
23647
64522
66619
8111
24227
50874
53390
65070
45297
90993
73378
10403
82080
30078
56414
83264
8690
16858
25435
20145
62437
13557
63101
61828
81781
81407
52649
49178
73954
7486
42066
10026
76952
48800
68488
70047
63974
10390
27433
27493
17639
41771
40695
30894
30013
39783
98404
71207
58818
54557
28865
55039
86800
10671
42866
13167
67067
70368
6107
60647
69032
95063
97341
64544
27957
40185
14195
24609
22160
92181
51785
47292
12256
92033
34102
20652
21151
98069
6328
37835
40525
67737
59066
26102
96774
31101
7729
19428
12121
89010
57691
93284
88028
4459
70402
36544
91414
36007
66079
20349
84592
44284
35457
59699
20047
49720
15724
61144
37759
54646
2157
74387
94344
43506
96527
68455
89920
29902
26303
89415
56964
11268
8594
74919
97577
17150
89538
26359
79406
98310
78537
73135
82514
18345
85214
91991
16840
81703
11325
33348
40400
27817
85354
49067
35880
77568
33768
32649
51018
6260
31297
88280
26465
64690
23230
25077
77452
79729
39291
5710
33547
95917
31585
4579
51429
13578
26813
4696
99997
5882
94440
2828
86808
41225
50274
50640
18667
58733
48599
96312
23298
36098
47649
45227
57096
45328
80831
75185
86422
63536
86124
879
90846
50197
7362
39436
48690
97551
87111
77827
84499
95275
80685
18330
62224
98091
68125
79753
64829
65823
73550
20361
12339
18430
47837
5513
83321
53795
54938
26961
57600
26672
96189
65296
75274
21385
61288
92589
8709
40790
14205
70893
93465
6779
17984
68066
20804
51880
15416
23120
23764
93586
34041
56057
55136
91418
75831
47607
71519
94073
31422
98652
32939
71479
85644
57067
70991
30674
94024
41519
35894
81769
74684
8637
89927
8296
67276
58679
8162
64671
66525
31612
11134
66632
48249
34416
85888
37908
69434
95534
68918
9213
18108
85151
53576
40105
80664
33178
889
15217
98076
90893
55103
10404
40040
36002
9561
54879
24912
13069
22708
53898
52598
94210
71514
22489
1850
46489
77552
77752
14920
28450
39039
55858
29982
97356
40067
77539
8649
3925
99464
31858
22845
55731
54556
34239
90886
91186
74044
55348
14175
98728
85962
35674
18525
42736
98657
70911
53302
22374
85514
9720
54029
61547
12040
23339
49104
41458
97116
73241
27091
80996
39551
91563
8471
6258
34906
99139
34800
49403
48465
33133
67352
18245
98999
34417
36571
98264
84119
20295
53653
24241
56082
65984
4987
27549
70167
99994
84110
64568
95033
2670
59029
92336
48395
52146
94916
66962
21299
89274
64342
17173
11257
40787
55109
69569
18355
65171
79920
17143
74972
68767
23141
25778
92250
56927
12612
58582
64651
98272
2845
43470
70202
48953
5391
12704
53367
74752
96352
56836
68981
68080
54064
27433
54662
81342
70349
6416
34349
62813
59878
67591
65659
37400
78593
13023
79771
52719
8973
55634
23433
63646
46293
46233
50444
799
85312
89418
15524
80536
26540
45168
29859
79030
35391
53496
40598
3891
90640
89172
40304
14480
3059
7553
10231
13528
888
60194
62974
98643
94136
63717
26599
65052
4383
54277
96847
5364
44504
94676
24008
31440
39016
22497
52274
30272
885
11392
28480
57719
34000
83032
92757
44798
51065
26043
68460
58861
59593
2553
88803
40537
83894
16591
75032
26796
7542
13263
90583
46868
42355
44524
85242
65751
97765
63842
58710
68257
56560
51229
79436
81605
86317
3546
43464
2593
30726
25271
42726
34983
67097
35090
30877
47380
76914
17819
9207
83269
12113
91106
49614
48599
15608
42715
80146
57576
21628
8530
40405
99242
15041
95209
77020
62047
78538
30297
8055
29792
45253
21070
61252
3679
64874
96502
29236
61013
27753
80493
61221
51856
1906
96271
19436
14843
77624
77765
82657
64159
42023
24768
72940
1031
20413
11261
48826
65263
4664
28220
74594
6890
61344
10891
67261
17871
46175
44727
82261
49173
53667
45361
28318
14630
92649
66648
45470
2954
83514
81934
33176
83619
78931
1200
61546
80545
66185
66834
32311
84491
86658
95806
96469
56244
19503
93946
95623
9651
19938
41381
6511
18953
94810
95110
82607
96793
38592
37208
29604
67279
48639
82420
14066
95891
84026
43138
56779
8301
85790
5545
47940
61834
35736
76587
7937
56265
95414
86866
73997
16118
53516
96990
75615
39949
51955
12138
78689
30902
86348
33
71059
81559
94563
71694
92695
34789
23079
41222
65709
9463
7684
28373
60560
17033
54533
36708
41218
60285
61601
19077
92011
46671
2519
71087
29328
8048
58442
58918
58106
83514
78482
65465
24562
14565
19714
69810
43978
8261
74499
15007
79053
53640
80760
13604
52324
50494
86983
21677
87947
13860
9287
35639
54219
93262
16536
8648
79363
32281
18754
69893
52837
65030
48950
68987
34708
48304
98670
3639
68828
32976
82237
93661
79232
86542
86335
45324
78857
6999
17602
22006
16212
66934
8158
79693
79639
72258
40770
6147
43097
32963
8325
59154
17066
37462
13130
96988
6583
62940
8883
17620
81096
42240
14642
74041
65771
24005
23544
31726
11423
52485
21775
45478
66642
22323
26724
91992
17538
59785
84675
77464
7218
14177
69698
69602
87830
32004
42140
5002
18985
15753
13474
25463
76200
6146
60135
73819
74812
46324
21619
98708
22550
87051
45629
67177
9071
69724
14507
42195
52034
33342
11641
57111
26971
93702
63763
83450
99980
77419
33345
12117
22084
43321
42495
34021
91649
91048
96195
91990
58753
68844
76448
51298
53495
33328
19084
24403
53473
68833
71827
87426
74887
78796
31175
1023
38383
57505
17841
25487
4851
50503
16464
34305
73265
48108
78970
96615
30530
18596
43937
71943
11086
40211
13743
7313
7854
61507
51703
97785
74652
70698
72275
37397
50361
67823
38295
31721
91198
38989
11850
18074
55414
63607
55895
31747
36694
66266
95420
47516
57102
17733
34419
59810
72460
291
86089
23444
85387
11067
32116
80121
54425
84735
42946
28790
19766
70527
17879
3084
77327
20838
39847
56036
85180
38346
27433
76298
44267
80312
18432
75851
65324
51109
29048
14313
81680
71943
92121
75168
71942
80083
21488
82569
30479
8790
82795
49017
71170
81128
4504
83579
46141
59106
85616
64569
80074
71439
6036
69714
49667
62550
72071
15529
36040
14948
99975
39288
10256
94971
19721
42707
72889
10466
89233
19866
48973
62567
59229
43032
90763
82201
30818
79081
70373
94007
31639
24946
6174
21489
11404
69480
9450
6864
48485
18513
85115
18413
16186
14641
72403
6784
28019
70071
13176
87885
49204
10127
55573
86605
39178
60124
88093
70982
77666
18594
40714
65368
40429
80415
18033
99373
24005
32289
91940
6474
76696
17192
99121
3032
82798
25287
31827
48208
41510
27398
63239
59139
46723
82462
56843
94097
17640
19595
81442
33625
63865
94880
77768
75205
30260
44027
88508
39035
62733
44197
996
42358
90620
45131
77224
84005
10300
36723
21659
79327
69017
59704
92901
71677
6286
56606
21738
74707
57717
91381
22746
57956
83489
99505
31159
33781
26026
92471
15218
98332
75271
5869
29648
27404
68602
63609
59725
29921
1004
77305
68546
7738
55614
83461
3239
94635
95709
38560
15401
34219
52012
44914
2944
3951
88891
27701
24700
51193
29103
8978
90302
88356
13888
87716
7505
8707
5497
2126
63220
82786
18782
34082
73536
14236
81814
82520
74296
66288
50598
39715
58274
97304
57305
37369
14744
42774
52107
58179
84902
32235
43802
23768
67708
99021
77359
52950
74435
9199
42113
60992
91569
29849
95834
37158
43385
32783
26039
26109
73021
89942
53149
78802
20678
67361
238
44844
80115
62463
67066
86902
29778
2221
40195
25127
10217
12103
49491
23368
92344
22238
83422
59564
87432
71401
23701
15221
35402
64821
94429
39405
97501
69214
70895
48072
98759
38635
7529
87178
88084
80312
48149
45100
3406
28332
62116
39696
73017
3886
93687
15773
44506
34741
41761
91374
57729
71737
90398
25847
62486
77800
48991
23459
15847
39018
93927
34757
96865
58509
20099
73489
99629
14241
56391
6239
97365
25264
24437
40325
17042
99454
60473
75760
37036
3461
96896
33560
51955
75434
6122
29823
70239
59362
35791
56469
18124
60077
10145
71548
13106
81192
57285
82943
64203
49156
67855
78654
61215
2100
45470
98798
33959
24621
37005
78149
94698
8417
65740
99692
7691
66231
42691
76375
10701
70108
30166
16276
42490
48116
50360
60388
41109
53836
56130
32452
98519
5648
70832
3070
25708
31354
77623
2051
52668
22807
40697
95187
62383
21656
83477
11731
23130
5511
43291
98741
47659
85655
32519
39064
90760
6538
87871
19878
84279
64686
20840
10181
28072
35356
2821
47985
64114
61199
47627
38743
75928
56164
19539
56102
38907
86504
20831
32710
94177
55487
5369
23372
49141
46210
39892
4940
16447
95231
62950
16354
24751
75383
94418
42174
71780
69728
83271
13050
2827
35713
82254
11498
54353
28624
60688
44663
19223
80769
74545
18799
34592
32576
63808
37973
16407
2713
85512
46782
29517
11951
2996
57385
21445
59524
52492
26070
6414
94439
83165
52765
50790
92612
20474
29867
73823
5934
21936
4666
24501
2523
30211
15907
34378
69133
32015
38819
50672
30124
36004
11094
25930
20246
3411
59918
34705
42707
35131
29037
59042
86168
31087
23256
41583
59691
5663
95138
23847
16365
49740
85115
59996
7211
27269
19437
22574
45944
47301
12706
73686
52355
39915
18336
86498
82648
75331
78905
40327
49673
89204
7592
80625
15990
46387
78457
42048
87272
82001
87173
52308
10966
81268
46072
34313
95272
13088
56905
13498
12053
74376
28481
99897
18275
92958
28953
86715
63213
99090
29191
75606
24160
96512
8031
68547
68582
90458
59978
97415
85864
6787
69041
11264
72037
16989
59096
32860
67377
5095
96818
23348
38068
8621
87767
67657
41087
91273
96754
86433
29968
62656
45892
48711
68319
23375
51230
49039
8230
66322
65236
1418
99861
43320
14021
78527
10308
31093
15658
70273
79184
71380
83984
97359
77018
51350
76357
27289
72904
91595
75682
90141
98434
33568
61013
50147
41623
56463
96064
54387
49172
65220
56436
81592
90007
60833
85122
96492
71674
54638
64786
1890
25928
24723
65528
73258
57358
87383
40815
82127
21377
92758
87508
98177
91746
47774
36189
25203
86740
14483
78578
38619
63237
8559
54446
3091
81872
11462
61023
26175
77204
4082
31655
49326
6606
94262
68948
85439
19293
19497
83286
97307
98089
62686
98455
90873
70722
80858
17064
94591
57679
81700
61575
44942
8749
57465
16299
63991
61462
7636
66730
65704
93725
23348
93184
57019
47675
14614
70997
26009
91637
99627
20501
94276
66744
20355
74361
89342
72615
59112
524
84867
40128
93017
89462
68023
43073
64534
84190
27954
25875
6853
46891
95346
90118
25850
38466
55508
86961
65842
24315
37076
99188
64267
10651
20867
65630
56703
63614
75745
36731
87538
26203
38980
36998
35656
5421
99757
62647
39100
5516
13657
1813
16584
49932
93340
96395
93098
20496
62506
12215
12980
11215
68371
33951
11350
77878
31432
64716
67362
93158
72963
68510
98380
53587
28769
52938
77711
94080
87297
72983
32014
39557
93177
74393
49859
34176
403
9060
47734
84566
59110
36103
62545
78506
27481
71120
96383
19402
98382
26860
32335
64125
65042
39460
11657
12385
79927
17449
69352
29010
70695
85435
5870
56316
16747
28873
64695
40695
61888
21331
4732
11426
96185
16316
2944
5733
1486
57120
56311
32905
63979
13856
85328
64980
69466
27968
52625
40148
88746
91010
35085
87831
49221
70782
19763
80738
88773
86483
45658
31262
86651
94494
45091
6073
83790
15061
62347
76533
38070
46126
81846
7722
7010
35154
72961
13369
18467
44949
88053
51479
55706
76581
77276
52238
16665
99460
99792
82998
21553
94967
42521
92109
10877
29768
2048
8654
98873
93180
10739
785
93259
12550
196
31372
30428
76662
17977
98809
48433
3070
67725
37950
19882
42553
76826
39476
48791
11913
47344
48837
338
19613
53788
1001
80306
30041
37307
33737
41570
62412
81587
87051
63276
22269
59576
64070
11957
31611
23629
37235
67036
38025
11448
46075
45743
97369
65193
52732
47065
28222
29669
14999
45853
99244
52798
23579
61332
85068
78825
38963
7037
20110
53260
99056
14529
4860
87100
75891
70096
16388
26859
68633
91516
47616
90843
75513
83191
93750
70058
21372
81573
19270
3074
4539
13789
8344
43888
43621
4199
56622
25244
54383
5708
18626
77647
25037
34275
3080
82625
20298
81128
72437
71108
5472
18286
2833
95318
2598
91145
25460
58018
88071
30051
17493
60250
7763
72761
27974
59171
98355
50285
8096
35496
99897
74396
2411
65904
29553
25746
60496
81312
85307
92763
59494
56737
54593
51927
1096
60296
86301
57101
41247
51124
31291
9562
8476
53172
6394
63934
15364
94188
22944
44170
63130
14101
83496
79558
92681
27089
37142
5545
90121
6326
57197
81986
71287
85154
71879
88758
2605
27276
73730
35837
24706
91258
23094
91819
16918
87236
17909
83896
67378
67927
35885
79439
41033
39499
78052
68025
70060
54413
74441
89045
3603
56964
24703
12392
35781
13232
26808
99836
26500
82734
92724
65483
17642
57990
60531
67849
59652
39683
3582
73101
98874
79635
47670
51222
